993040 0
993041 1
993042 2
993043 3
993044 4
993045 5
993046 6
993047 7
993048 8
993049 9
993050 10
993051 11
993052 12
993053 13
993054 14
993055 15
993056 16
993057 17
993058 18
993059 19
993060 20
993061 21
993062 22
993063 23
993064 24
993065 25
993066 26
993067 27
993068 28
993069 29
993070 30
993071 31
993072 32
993073 33
993074 34
993075 35
993076 36
993077 37
993078 38
993079 39
993080 40
993081 41
993082 42
993083 43
993084 44
993085 45
993086 46
993087 47
993088 48
993089 49
993090 50
993091 51
993092 52
993093 53
993094 54
993095 55
993096 56
993097 57
993098 58
993099 59
993100 60
993101 61
993102 62
993103 63
993104 64
993105 65
993106 66
993107 67
993108 68
993109 69
993110 70
993111 71
993112 72
993113 73
993114 74
993115 75
993116 76
993117 77
993118 78
993119 79
993120 80
993121 81
993122 82
993123 83
993124 84
993125 85
993126 86
993127 87
993128 88
993129 89
993130 90
993131 91
993132 92
993133 93
993134 94
993135 95
993136 96
993137 97
993138 98
993139 99
993140 100
993141 101
993142 102
993143 103
993144 104
993145 105
993146 106
993147 107
993148 108
993149 109
993150 110
993151 111
993152 112
993153 113
993154 114
993155 115
993156 116
993157 117
993158 118
993159 119
993160 120
993161 121
993162 122
993163 123
993164 124
993165 125
993166 126
993167 127
993168 128
993169 129
993170 130
993171 131
993172 132
993173 133
993174 134
993175 135
993176 136
993177 137
993178 138
993179 139
993180 140
993181 141
993182 142
993183 143
993184 144
993185 145
993186 146
993187 147
993188 148
993189 149
993190 150
993191 151
993192 152
993193 153
993194 154
993195 155
993196 156
993197 157
993198 158
993199 159
993200 160
993201 161
993202 162
993203 163
993204 164
993205 165
993206 166
993207 167
993208 168
993209 169
993210 170
993211 171
993212 172
993213 173
993214 174
993215 175
993216 176
993217 177
993218 178
993219 179
993220 180
993221 181
993222 182
993223 183
993224 184
993225 185
993226 186
993227 187
993228 188
993229 189
993230 190
993231 191
993232 192
993233 193
993234 194
993235 195
993236 196
993237 197
993238 198
993239 199
993240 200
993241 201
993242 202
993243 203
993244 204
993245 205
993246 206
993247 207
993248 208
993249 209
993250 210
993251 211
993252 212
993253 213
993254 214
993255 215
993256 216
993257 217
993258 218
993259 219
993260 220
993261 221
993262 222
993263 223
993264 224
993265 225
993266 226
993267 227
993268 228
993269 229
993270 230
993271 231
993272 232
993273 233
993274 234
993275 235
993276 236
993277 237
993278 238
993279 239
993280 240
993281 241
993282 242
993283 243
993284 244
993285 245
993286 246
993287 247
993288 248
993289 249
993290 250
993291 251
993292 252
993293 253
993294 254
993295 255
993296 256
993297 257
993298 258
993299 259
993300 260
993301 261
993302 262
993303 263
993304 264
993305 265
993306 266
993307 267
993308 268
993309 269
993310 270
993311 271
993312 272
993313 273
993314 274
993315 275
993316 276
993317 277
993318 278
993319 279
993320 280
993321 281
993322 282
993323 283
993324 284
993325 285
993326 286
993327 287
993328 288
993329 289
993330 290
993331 291
993332 292
993333 293
993334 294
993335 295
993336 296
993337 297
993338 298
993339 299
993340 300
993341 301
993342 302
993343 303
993344 304
993345 305
993346 306
993347 307
993348 308
993349 309
993350 310
993351 311
993352 312
993353 313
993354 314
993355 315
993356 316
993357 317
993358 318
993359 319
993360 320
993361 321
993362 322
993363 323
993364 324
993365 325
993366 326
993367 327
993368 328
993369 329
993370 330
993371 331
993372 332
993373 333
993374 334
993375 335
993376 336
993377 337
993378 338
993379 339
993380 340
993381 341
993382 342
993383 343
993384 344
993385 345
993386 346
993387 347
993388 348
993389 349
993390 350
993391 351
993392 352
993393 353
993394 354
993395 355
993396 356
993397 357
993398 358
993399 359
993400 360
993401 361
993402 362
993403 363
993404 364
993405 365
993406 366
993407 367
993408 368
993409 369
993410 370
993411 371
993412 372
993413 373
993414 374
993415 375
993416 376
993417 377
993418 378
993419 379
993420 380
993421 381
993422 382
993423 383
993424 384
993425 385
993426 386
993427 387
993428 388
993429 389
993430 390
993431 391
993432 392
993433 393
993434 394
993435 395
993436 396
993437 397
993438 398
993439 399
993440 400
993441 401
993442 402
993443 403
993444 404
993445 405
993446 406
993447 407
993448 408
993449 409
993450 410
993451 411
993452 412
993453 413
993454 414
993455 415
993456 416
993457 417
993458 418
993459 419
993460 420
993461 421
993462 422
993463 423
993464 424
993465 425
993466 426
993467 427
993468 428
993469 429
993470 430
993471 431
993472 432
993473 433
993474 434
993475 435
993476 436
993477 437
993478 438
993479 439
993480 440
993481 441
993482 442
993483 443
993484 444
993485 445
993486 446
993487 447
993488 448
993489 449
993490 450
993491 451
993492 452
993493 453
993494 454
993495 455
993496 456
993497 457
993498 458
993499 459
993500 460
993501 461
993502 462
993503 463
993504 464
993505 465
993506 466
993507 467
993508 468
993509 469
993510 470
993511 471
993512 472
993513 473
993514 474
993515 475
993516 476
993517 477
993518 478
993519 479
993520 480
993521 481
993522 482
993523 483
993524 484
993525 485
993526 486
993527 487
993528 488
993529 489
993530 490
993531 491
993532 492
993533 493
993534 494
993535 495
993536 496
993537 497
993538 498
993539 499
993540 500
993541 501
993542 502
993543 503
993544 504
993545 505
993546 506
993547 507
993548 508
993549 509
993550 510
993551 511
993552 512
993553 513
993554 514
993555 515
993556 516
993557 517
993558 518
993559 519
993560 520
993561 521
993562 522
993563 523
993564 524
993565 525
993566 526
993567 527
993568 528
993569 529
993570 530
993571 531
993572 532
993573 533
993574 534
993575 535
993576 536
993577 537
993578 538
993579 539
993580 540
993581 541
993582 542
993583 543
993584 544
993585 545
993586 546
993587 547
993588 548
993589 549
993590 550
993591 551
993592 552
993593 553
993594 554
993595 555
993596 556
993597 557
993598 558
993599 559
993600 560
993601 561
993602 562
993603 563
993604 564
993605 565
993606 566
993607 567
993608 568
993609 569
993610 570
993611 571
993612 572
993613 573
993614 574
993615 575
993616 576
993617 577
993618 578
993619 579
993620 580
993621 581
993622 582
993623 583
993624 584
993625 585
993626 586
993627 587
993628 588
993629 589
993630 590
993631 591
993632 592
993633 593
993634 594
993635 595
993636 596
993637 597
993638 598
993639 599
993640 600
993641 601
993642 602
993643 603
993644 604
993645 605
993646 606
993647 607
993648 608
993649 609
993650 610
993651 611
993652 612
993653 613
993654 614
993655 615
993656 616
993657 617
993658 618
993659 619
993660 620
993661 621
993662 622
993663 623
993664 624
993665 625
993666 626
993667 627
993668 628
993669 629
993670 630
993671 631
993672 632
993673 633
993674 634
993675 635
993676 636
993677 637
993678 638
993679 639
993680 640
993681 641
993682 642
993683 643
993684 644
993685 645
993686 646
993687 647
993688 648
993689 649
993690 650
993691 651
993692 652
993693 653
993694 654
993695 655
993696 656
993697 657
993698 658
993699 659
993700 660
993701 661
993702 662
993703 663
993704 664
993705 665
993706 666
993707 667
993708 668
993709 669
993710 670
993711 671
993712 672
993713 673
993714 674
993715 675
993716 676
993717 677
993718 678
993719 679
993720 680
993721 681
993722 682
993723 683
993724 684
993725 685
993726 686
993727 687
993728 688
993729 689
993730 690
993731 691
993732 692
993733 693
993734 694
993735 695
993736 696
993737 697
993738 698
993739 699
993740 700
993741 701
993742 702
993743 703
993744 704
993745 705
993746 706
993747 707
993748 708
993749 709
993750 710
993751 711
993752 712
993753 713
993754 714
993755 715
993756 716
993757 717
993758 718
993759 719
993760 720
993761 721
993762 722
993763 723
993764 724
993765 725
993766 726
993767 727
993768 728
993769 729
993770 730
993771 731
993772 732
993773 733
993774 734
993775 735
993776 736
993777 737
993778 738
993779 739
993780 740
993781 741
993782 742
993783 743
993784 744
993785 745
993786 746
993787 747
993788 748
993789 749
993790 750
993791 751
993792 752
993793 753
993794 754
993795 755
993796 756
993797 757
993798 758
993799 759
993800 760
993801 761
993802 762
993803 763
993804 764
993805 765
993806 766
993807 767
993808 768
993809 769
993810 770
993811 771
993812 772
993813 773
993814 774
993815 775
993816 776
993817 777
993818 778
993819 779
993820 780
993821 781
993822 782
993823 783
993824 784
993825 785
993826 786
993827 787
993828 788
993829 789
993830 790
993831 791
993832 792
993833 793
993834 794
993835 795
993836 796
993837 797
993838 798
993839 799
993840 800
993841 801
993842 802
993843 803
993844 804
993845 805
993846 806
993847 807
993848 808
993849 809
993850 810
993851 811
993852 812
993853 813
993854 814
993855 815
993856 816
993857 817
993858 818
993859 819
993860 820
993861 821
993862 822
993863 823
993864 824
993865 825
993866 826
993867 827
993868 828
993869 829
993870 830
993871 831
993872 832
993873 833
993874 834
993875 835
993876 836
993877 837
993878 838
993879 839
993880 840
993881 841
993882 842
993883 843
993884 844
993885 845
993886 846
993887 847
993888 848
993889 849
993890 850
993891 851
993892 852
993893 853
993894 854
993895 855
993896 856
993897 857
993898 858
993899 859
993900 860
993901 861
993902 862
993903 863
993904 864
993905 865
993906 866
993907 867
993908 868
993909 869
993910 870
993911 871
993912 872
993913 873
993914 874
993915 875
993916 876
993917 877
993918 878
993919 879
993920 880
993921 881
993922 882
993923 883
993924 884
993925 885
993926 886
993927 887
993928 888
993929 889
993930 890
993931 891
993932 892
993933 893
993934 894
993935 895
993936 896
993937 897
993938 898
993939 899
993940 900
993941 901
993942 902
993943 903
993944 904
993945 905
993946 906
993947 907
993948 908
993949 909
993950 910
993951 911
993952 912
993953 913
993954 914
993955 915
993956 916
993957 917
993958 918
993959 919
993960 920
993961 921
993962 922
993963 923
993964 924
993965 925
993966 926
993967 927
993968 928
993969 929
993970 930
993971 931
993972 932
993973 933
993974 934
993975 935
993976 936
993977 937
993978 938
993979 939
993980 940
993981 941
993982 942
993983 943
993984 944
993985 945
993986 946
993987 947
993988 948
993989 949
993990 950
993991 951
993992 952
993993 953
993994 954
993995 955
993996 956
993997 957
993998 958
993999 959
994000 960
994001 961
994002 962
994003 963
994004 964
994005 965
994006 966
994007 967
994008 968
994009 969
994010 970
994011 971
994012 972
994013 973
994014 974
994015 975
994016 976
994017 977
994018 978
994019 979
994020 980
994021 981
994022 982
994023 983
994024 984
994025 985
994026 986
994027 987
994028 988
994029 989
994030 990
994031 991
994032 992
994033 993
994034 994
994035 995
994036 996
994037 997
994038 998
994039 999
994040 1000
994041 1001
994042 1002
994043 1003
994044 1004
994045 1005
994046 1006
994047 1007
994048 1008
994049 1009
994050 1010
994051 1011
994052 1012
994053 1013
994054 1014
994055 1015
994056 1016
994057 1017
994058 1018
994059 1019
994060 1020
994061 1021
994062 1022
994063 1023
994064 1024
994065 1025
994066 1026
994067 1027
994068 1028
994069 1029
994070 1030
994071 1031
994072 1032
994073 1033
994074 1034
994075 1035
994076 1036
994077 1037
994078 1038
994079 1039
994080 1040
994081 1041
994082 1042
994083 1043
994084 1044
994085 1045
994086 1046
994087 1047
994088 1048
994089 1049
994090 1050
994091 1051
994092 1052
994093 1053
994094 1054
994095 1055
994096 1056
994097 1057
994098 1058
994099 1059
994100 1060
994101 1061
994102 1062
994103 1063
994104 1064
994105 1065
994106 1066
994107 1067
994108 1068
994109 1069
994110 1070
994111 1071
994112 1072
994113 1073
994114 1074
994115 1075
994116 1076
994117 1077
994118 1078
994119 1079
994120 1080
994121 1081
994122 1082
994123 1083
994124 1084
994125 1085
994126 1086
994127 1087
994128 1088
994129 1089
994130 1090
994131 1091
994132 1092
994133 1093
994134 1094
994135 1095
994136 1096
994137 1097
994138 1098
994139 1099
994140 1100
994141 1101
994142 1102
994143 1103
994144 1104
994145 1105
994146 1106
994147 1107
994148 1108
994149 1109
994150 1110
994151 1111
994152 1112
994153 1113
994154 1114
994155 1115
994156 1116
994157 1117
994158 1118
994159 1119
994160 1120
994161 1121
994162 1122
994163 1123
994164 1124
994165 1125
994166 1126
994167 1127
994168 1128
994169 1129
994170 1130
994171 1131
994172 1132
994173 1133
994174 1134
994175 1135
994176 1136
994177 1137
994178 1138
994179 1139
994180 1140
994181 1141
994182 1142
994183 1143
994184 1144
994185 1145
994186 1146
994187 1147
994188 1148
994189 1149
994190 1150
994191 1151
994192 1152
994193 1153
994194 1154
994195 1155
994196 1156
994197 1157
994198 1158
994199 1159
994200 1160
994201 1161
994202 1162
994203 1163
994204 1164
994205 1165
994206 1166
994207 1167
994208 1168
994209 1169
994210 1170
994211 1171
994212 1172
994213 1173
994214 1174
994215 1175
994216 1176
994217 1177
994218 1178
994219 1179
994220 1180
994221 1181
994222 1182
994223 1183
994224 1184
994225 1185
994226 1186
994227 1187
994228 1188
994229 1189
994230 1190
994231 1191
994232 1192
994233 1193
994234 1194
994235 1195
994236 1196
994237 1197
994238 1198
994239 1199
994240 1200
994241 1201
994242 1202
994243 1203
994244 1204
994245 1205
994246 1206
994247 1207
994248 1208
994249 1209
994250 1210
994251 1211
994252 1212
994253 1213
994254 1214
994255 1215
994256 1216
994257 1217
994258 1218
994259 1219
994260 1220
994261 1221
994262 1222
994263 1223
994264 1224
994265 1225
994266 1226
994267 1227
994268 1228
994269 1229
994270 1230
994271 1231
994272 1232
994273 1233
994274 1234
994275 1235
994276 1236
994277 1237
994278 1238
994279 1239
994280 1240
994281 1241
994282 1242
994283 1243
994284 1244
994285 1245
994286 1246
994287 1247
994288 1248
994289 1249
994290 1250
994291 1251
994292 1252
994293 1253
994294 1254
994295 1255
994296 1256
994297 1257
994298 1258
994299 1259
994300 1260
994301 1261
994302 1262
994303 1263
994304 1264
994305 1265
994306 1266
994307 1267
994308 1268
994309 1269
994310 1270
994311 1271
994312 1272
994313 1273
994314 1274
994315 1275
994316 1276
994317 1277
994318 1278
994319 1279
994320 1280
994321 1281
994322 1282
994323 1283
994324 1284
994325 1285
994326 1286
994327 1287
994328 1288
994329 1289
994330 1290
994331 1291
994332 1292
994333 1293
994334 1294
994335 1295
994336 1296
994337 1297
994338 1298
994339 1299
994340 1300
994341 1301
994342 1302
994343 1303
994344 1304
994345 1305
994346 1306
994347 1307
994348 1308
994349 1309
994350 1310
994351 1311
994352 1312
994353 1313
994354 1314
994355 1315
994356 1316
994357 1317
994358 1318
994359 1319
994360 1320
994361 1321
994362 1322
994363 1323
994364 1324
994365 1325
994366 1326
994367 1327
994368 1328
994369 1329
994370 1330
994371 1331
994372 1332
994373 1333
994374 1334
994375 1335
994376 1336
994377 1337
994378 1338
994379 1339
994380 1340
994381 1341
994382 1342
994383 1343
994384 1344
994385 1345
994386 1346
994387 1347
994388 1348
994389 1349
994390 1350
994391 1351
994392 1352
994393 1353
994394 1354
994395 1355
994396 1356
994397 1357
994398 1358
994399 1359
994400 1360
994401 1361
994402 1362
994403 1363
994404 1364
994405 1365
994406 1366
994407 1367
994408 1368
994409 1369
994410 1370
994411 1371
994412 1372
994413 1373
994414 1374
994415 1375
994416 1376
994417 1377
994418 1378
994419 1379
994420 1380
994421 1381
994422 1382
994423 1383
994424 1384
994425 1385
994426 1386
994427 1387
994428 1388
994429 1389
994430 1390
994431 1391
994432 1392
994433 1393
994434 1394
994435 1395
994436 1396
994437 1397
994438 1398
994439 1399
994440 1400
994441 1401
994442 1402
994443 1403
994444 1404
994445 1405
994446 1406
994447 1407
994448 1408
994449 1409
994450 1410
994451 1411
994452 1412
994453 1413
994454 1414
994455 1415
994456 1416
994457 1417
994458 1418
994459 1419
994460 1420
994461 1421
994462 1422
994463 1423
994464 1424
994465 1425
994466 1426
994467 1427
994468 1428
994469 1429
994470 1430
994471 1431
994472 1432
994473 1433
994474 1434
994475 1435
994476 1436
994477 1437
994478 1438
994479 1439
994480 1440
994481 1441
994482 1442
994483 1443
994484 1444
994485 1445
994486 1446
994487 1447
994488 1448
994489 1449
994490 1450
994491 1451
994492 1452
994493 1453
994494 1454
994495 1455
994496 1456
994497 1457
994498 1458
994499 1459
994500 1460
994501 1461
994502 1462
994503 1463
994504 1464
994505 1465
994506 1466
994507 1467
994508 1468
994509 1469
994510 1470
994511 1471
994512 1472
994513 1473
994514 1474
994515 1475
994516 1476
994517 1477
994518 1478
994519 1479
994520 1480
994521 1481
994522 1482
994523 1483
994524 1484
994525 1485
994526 1486
994527 1487
994528 1488
994529 1489
994530 1490
994531 1491
994532 1492
994533 1493
994534 1494
994535 1495
994536 1496
994537 1497
994538 1498
994539 1499
994540 1500
994541 1501
994542 1502
994543 1503
994544 1504
994545 1505
994546 1506
994547 1507
994548 1508
994549 1509
994550 1510
994551 1511
994552 1512
994553 1513
994554 1514
994555 1515
994556 1516
994557 1517
994558 1518
994559 1519
994560 1520
994561 1521
994562 1522
994563 1523
994564 1524
994565 1525
994566 1526
994567 1527
994568 1528
994569 1529
994570 1530
994571 1531
994572 1532
994573 1533
994574 1534
994575 1535
994576 1536
994577 1537
994578 1538
994579 1539
994580 1540
994581 1541
994582 1542
994583 1543
994584 1544
994585 1545
994586 1546
994587 1547
994588 1548
994589 1549
994590 1550
994591 1551
994592 1552
994593 1553
994594 1554
994595 1555
994596 1556
994597 1557
994598 1558
994599 1559
994600 1560
994601 1561
994602 1562
994603 1563
994604 1564
994605 1565
994606 1566
994607 1567
994608 1568
994609 1569
994610 1570
994611 1571
994612 1572
994613 1573
994614 1574
994615 1575
994616 1576
994617 1577
994618 1578
994619 1579
994620 1580
994621 1581
994622 1582
994623 1583
994624 1584
994625 1585
994626 1586
994627 1587
994628 1588
994629 1589
994630 1590
994631 1591
994632 1592
994633 1593
994634 1594
994635 1595
994636 1596
994637 1597
994638 1598
994639 1599
994640 1600
994641 1601
994642 1602
994643 1603
994644 1604
994645 1605
994646 1606
994647 1607
994648 1608
994649 1609
994650 1610
994651 1611
994652 1612
994653 1613
994654 1614
994655 1615
994656 1616
994657 1617
994658 1618
994659 1619
994660 1620
994661 1621
994662 1622
994663 1623
994664 1624
994665 1625
994666 1626
994667 1627
994668 1628
994669 1629
994670 1630
994671 1631
994672 1632
994673 1633
994674 1634
994675 1635
994676 1636
994677 1637
994678 1638
994679 1639
994680 1640
994681 1641
994682 1642
994683 1643
994684 1644
994685 1645
994686 1646
994687 1647
994688 1648
994689 1649
994690 1650
994691 1651
994692 1652
994693 1653
994694 1654
994695 1655
994696 1656
994697 1657
994698 1658
994699 1659
994700 1660
994701 1661
994702 1662
994703 1663
994704 1664
994705 1665
994706 1666
994707 1667
994708 1668
994709 1669
994710 1670
994711 1671
994712 1672
994713 1673
994714 1674
994715 1675
994716 1676
994717 1677
994718 1678
994719 1679
994720 1680
994721 1681
994722 1682
994723 1683
994724 1684
994725 1685
994726 1686
994727 1687
994728 1688
994729 1689
994730 1690
994731 1691
994732 1692
994733 1693
994734 1694
994735 1695
994736 1696
994737 1697
994738 1698
994739 1699
994740 1700
994741 1701
994742 1702
994743 1703
994744 1704
994745 1705
994746 1706
994747 1707
994748 1708
994749 1709
994750 1710
994751 1711
994752 1712
994753 1713
994754 1714
994755 1715
994756 1716
994757 1717
994758 1718
994759 1719
994760 1720
994761 1721
994762 1722
994763 1723
994764 1724
994765 1725
994766 1726
994767 1727
994768 1728
994769 1729
994770 1730
994771 1731
994772 1732
994773 1733
994774 1734
994775 1735
994776 1736
994777 1737
994778 1738
994779 1739
994780 1740
994781 1741
994782 1742
994783 1743
994784 1744
994785 1745
994786 1746
994787 1747
994788 1748
994789 1749
994790 1750
994791 1751
994792 1752
994793 1753
994794 1754
994795 1755
994796 1756
994797 1757
994798 1758
994799 1759
994800 1760
994801 1761
994802 1762
994803 1763
994804 1764
994805 1765
994806 1766
994807 1767
994808 1768
994809 1769
994810 1770
994811 1771
994812 1772
994813 1773
994814 1774
994815 1775
994816 1776
994817 1777
994818 1778
994819 1779
994820 1780
994821 1781
994822 1782
994823 1783
994824 1784
994825 1785
994826 1786
994827 1787
994828 1788
994829 1789
994830 1790
994831 1791
994832 1792
994833 1793
994834 1794
994835 1795
994836 1796
994837 1797
994838 1798
994839 1799
994840 1800
994841 1801
994842 1802
994843 1803
994844 1804
994845 1805
994846 1806
994847 1807
994848 1808
994849 1809
994850 1810
994851 1811
994852 1812
994853 1813
994854 1814
994855 1815
994856 1816
994857 1817
994858 1818
994859 1819
994860 1820
994861 1821
994862 1822
994863 1823
994864 1824
994865 1825
994866 1826
994867 1827
994868 1828
994869 1829
994870 1830
994871 1831
994872 1832
994873 1833
994874 1834
994875 1835
994876 1836
994877 1837
994878 1838
994879 1839
994880 1840
994881 1841
994882 1842
994883 1843
994884 1844
994885 1845
994886 1846
994887 1847
994888 1848
994889 1849
994890 1850
994891 1851
994892 1852
994893 1853
994894 1854
994895 1855
994896 1856
994897 1857
994898 1858
994899 1859
994900 1860
994901 1861
994902 1862
994903 1863
994904 1864
994905 1865
994906 1866
994907 1867
994908 1868
994909 1869
994910 1870
994911 1871
994912 1872
994913 1873
994914 1874
994915 1875
994916 1876
994917 1877
994918 1878
994919 1879
994920 1880
994921 1881
994922 1882
994923 1883
994924 1884
994925 1885
994926 1886
994927 1887
994928 1888
994929 1889
994930 1890
994931 1891
994932 1892
994933 1893
994934 1894
994935 1895
994936 1896
994937 1897
994938 1898
994939 1899
994940 1900
994941 1901
994942 1902
994943 1903
994944 1904
994945 1905
994946 1906
994947 1907
994948 1908
994949 1909
994950 1910
994951 1911
994952 1912
994953 1913
994954 1914
994955 1915
994956 1916
994957 1917
994958 1918
994959 1919
994960 1920
994961 1921
994962 1922
994963 1923
994964 1924
994965 1925
994966 1926
994967 1927
994968 1928
994969 1929
994970 1930
994971 1931
994972 1932
994973 1933
994974 1934
994975 1935
994976 1936
994977 1937
994978 1938
994979 1939
994980 1940
994981 1941
994982 1942
994983 1943
994984 1944
994985 1945
994986 1946
994987 1947
994988 1948
994989 1949
994990 1950
994991 1951
994992 1952
994993 1953
994994 1954
994995 1955
994996 1956
994997 1957
994998 1958
994999 1959
995000 1960
995001 1961
995002 1962
995003 1963
995004 1964
995005 1965
995006 1966
995007 1967
995008 1968
995009 1969
995010 1970
995011 1971
995012 1972
995013 1973
995014 1974
995015 1975
995016 1976
995017 1977
995018 1978
995019 1979
995020 1980
995021 1981
995022 1982
995023 1983
995024 1984
995025 1985
995026 1986
995027 1987
995028 1988
995029 1989
995030 1990
995031 1991
995032 1992
995033 1993
995034 1994
995035 1995
995036 1996
995037 1997
995038 1998
995039 1999
995040 2000
995041 2001
995042 2002
995043 2003
995044 2004
995045 2005
995046 2006
995047 2007
995048 2008
995049 2009
995050 2010
995051 2011
995052 2012
995053 2013
995054 2014
995055 2015
995056 2016
995057 2017
995058 2018
995059 2019
995060 2020
995061 2021
995062 2022
995063 2023
995064 2024
995065 2025
995066 2026
995067 2027
995068 2028
995069 2029
995070 2030
995071 2031
995072 2032
995073 2033
995074 2034
995075 2035
995076 2036
995077 2037
995078 2038
995079 2039
995080 2040
995081 2041
995082 2042
995083 2043
995084 2044
995085 2045
995086 2046
995087 2047
995088 2048
995089 2049
995090 2050
995091 2051
995092 2052
995093 2053
995094 2054
995095 2055
995096 2056
995097 2057
995098 2058
995099 2059
995100 2060
995101 2061
995102 2062
995103 2063
995104 2064
995105 2065
995106 2066
995107 2067
995108 2068
995109 2069
995110 2070
995111 2071
995112 2072
995113 2073
995114 2074
995115 2075
995116 2076
995117 2077
995118 2078
995119 2079
995120 2080
995121 2081
995122 2082
995123 2083
995124 2084
995125 2085
995126 2086
995127 2087
995128 2088
995129 2089
995130 2090
995131 2091
995132 2092
995133 2093
995134 2094
995135 2095
995136 2096
995137 2097
995138 2098
995139 2099
995140 2100
995141 2101
995142 2102
995143 2103
995144 2104
995145 2105
995146 2106
995147 2107
995148 2108
995149 2109
995150 2110
995151 2111
995152 2112
995153 2113
995154 2114
995155 2115
995156 2116
995157 2117
995158 2118
995159 2119
995160 2120
995161 2121
995162 2122
995163 2123
995164 2124
995165 2125
995166 2126
995167 2127
995168 2128
995169 2129
995170 2130
995171 2131
995172 2132
995173 2133
995174 2134
995175 2135
995176 2136
995177 2137
995178 2138
995179 2139
995180 2140
995181 2141
995182 2142
995183 2143
995184 2144
995185 2145
995186 2146
995187 2147
995188 2148
995189 2149
995190 2150
995191 2151
995192 2152
995193 2153
995194 2154
995195 2155
995196 2156
995197 2157
995198 2158
995199 2159
995200 2160
995201 2161
995202 2162
995203 2163
995204 2164
995205 2165
995206 2166
995207 2167
995208 2168
995209 2169
995210 2170
995211 2171
995212 2172
995213 2173
995214 2174
995215 2175
995216 2176
995217 2177
995218 2178
995219 2179
995220 2180
995221 2181
995222 2182
995223 2183
995224 2184
995225 2185
995226 2186
995227 2187
995228 2188
995229 2189
995230 2190
995231 2191
995232 2192
995233 2193
995234 2194
995235 2195
995236 2196
995237 2197
995238 2198
995239 2199
995240 2200
995241 2201
995242 2202
995243 2203
995244 2204
995245 2205
995246 2206
995247 2207
995248 2208
995249 2209
995250 2210
995251 2211
995252 2212
995253 2213
995254 2214
995255 2215
995256 2216
995257 2217
995258 2218
995259 2219
995260 2220
995261 2221
995262 2222
995263 2223
995264 2224
995265 2225
995266 2226
995267 2227
995268 2228
995269 2229
995270 2230
995271 2231
995272 2232
995273 2233
995274 2234
995275 2235
995276 2236
995277 2237
995278 2238
995279 2239
995280 2240
995281 2241
995282 2242
995283 2243
995284 2244
995285 2245
995286 2246
995287 2247
995288 2248
995289 2249
995290 2250
995291 2251
995292 2252
995293 2253
995294 2254
995295 2255
995296 2256
995297 2257
995298 2258
995299 2259
995300 2260
995301 2261
995302 2262
995303 2263
995304 2264
995305 2265
995306 2266
995307 2267
995308 2268
995309 2269
995310 2270
995311 2271
995312 2272
995313 2273
995314 2274
995315 2275
995316 2276
995317 2277
995318 2278
995319 2279
995320 2280
995321 2281
995322 2282
995323 2283
995324 2284
995325 2285
995326 2286
995327 2287
995328 2288
995329 2289
995330 2290
995331 2291
995332 2292
995333 2293
995334 2294
995335 2295
995336 2296
995337 2297
995338 2298
995339 2299
995340 2300
995341 2301
995342 2302
995343 2303
995344 2304
995345 2305
995346 2306
995347 2307
995348 2308
995349 2309
995350 2310
995351 2311
995352 2312
995353 2313
995354 2314
995355 2315
995356 2316
995357 2317
995358 2318
995359 2319
995360 2320
995361 2321
995362 2322
995363 2323
995364 2324
995365 2325
995366 2326
995367 2327
995368 2328
995369 2329
995370 2330
995371 2331
995372 2332
995373 2333
995374 2334
995375 2335
995376 2336
995377 2337
995378 2338
995379 2339
995380 2340
995381 2341
995382 2342
995383 2343
995384 2344
995385 2345
995386 2346
995387 2347
995388 2348
995389 2349
995390 2350
995391 2351
995392 2352
995393 2353
995394 2354
995395 2355
995396 2356
995397 2357
995398 2358
995399 2359
995400 2360
995401 2361
995402 2362
995403 2363
995404 2364
995405 2365
995406 2366
995407 2367
995408 2368
995409 2369
995410 2370
995411 2371
995412 2372
995413 2373
995414 2374
995415 2375
995416 2376
995417 2377
995418 2378
995419 2379
995420 2380
995421 2381
995422 2382
995423 2383
995424 2384
995425 2385
995426 2386
995427 2387
995428 2388
995429 2389
995430 2390
995431 2391
995432 2392
995433 2393
995434 2394
995435 2395
995436 2396
995437 2397
995438 2398
995439 2399
995440 2400
995441 2401
995442 2402
995443 2403
995444 2404
995445 2405
995446 2406
995447 2407
995448 2408
995449 2409
995450 2410
995451 2411
995452 2412
995453 2413
995454 2414
995455 2415
995456 2416
995457 2417
995458 2418
995459 2419
995460 2420
995461 2421
995462 2422
995463 2423
995464 2424
995465 2425
995466 2426
995467 2427
995468 2428
995469 2429
995470 2430
995471 2431
995472 2432
995473 2433
995474 2434
995475 2435
995476 2436
995477 2437
995478 2438
995479 2439
995480 2440
995481 2441
995482 2442
995483 2443
995484 2444
995485 2445
995486 2446
995487 2447
995488 2448
995489 2449
995490 2450
995491 2451
995492 2452
995493 2453
995494 2454
995495 2455
995496 2456
995497 2457
995498 2458
995499 2459
995500 2460
995501 2461
995502 2462
995503 2463
995504 2464
995505 2465
995506 2466
995507 2467
995508 2468
995509 2469
995510 2470
995511 2471
995512 2472
995513 2473
995514 2474
995515 2475
995516 2476
995517 2477
995518 2478
995519 2479
995520 2480
995521 2481
995522 2482
995523 2483
995524 2484
995525 2485
995526 2486
995527 2487
995528 2488
995529 2489
995530 2490
995531 2491
995532 2492
995533 2493
995534 2494
995535 2495
995536 2496
995537 2497
995538 2498
995539 2499
995540 2500
995541 2501
995542 2502
995543 2503
995544 2504
995545 2505
995546 2506
995547 2507
995548 2508
995549 2509
995550 2510
995551 2511
995552 2512
995553 2513
995554 2514
995555 2515
995556 2516
995557 2517
995558 2518
995559 2519
995560 2520
995561 2521
995562 2522
995563 2523
995564 2524
995565 2525
995566 2526
995567 2527
995568 2528
995569 2529
995570 2530
995571 2531
995572 2532
995573 2533
995574 2534
995575 2535
995576 2536
995577 2537
995578 2538
995579 2539
995580 2540
995581 2541
995582 2542
995583 2543
995584 2544
995585 2545
995586 2546
995587 2547
995588 2548
995589 2549
995590 2550
995591 2551
995592 2552
995593 2553
995594 2554
995595 2555
995596 2556
995597 2557
995598 2558
995599 2559
995600 2560
995601 2561
995602 2562
995603 2563
995604 2564
995605 2565
995606 2566
995607 2567
995608 2568
995609 2569
995610 2570
995611 2571
995612 2572
995613 2573
995614 2574
995615 2575
995616 2576
995617 2577
995618 2578
995619 2579
995620 2580
995621 2581
995622 2582
995623 2583
995624 2584
995625 2585
995626 2586
995627 2587
995628 2588
995629 2589
995630 2590
995631 2591
995632 2592
995633 2593
995634 2594
995635 2595
995636 2596
995637 2597
995638 2598
995639 2599
995640 2600
995641 2601
995642 2602
995643 2603
995644 2604
995645 2605
995646 2606
995647 2607
995648 2608
995649 2609
995650 2610
995651 2611
995652 2612
995653 2613
995654 2614
995655 2615
995656 2616
995657 2617
995658 2618
995659 2619
995660 2620
995661 2621
995662 2622
995663 2623
995664 2624
995665 2625
995666 2626
995667 2627
995668 2628
995669 2629
995670 2630
995671 2631
995672 2632
995673 2633
995674 2634
995675 2635
995676 2636
995677 2637
995678 2638
995679 2639
995680 2640
995681 2641
995682 2642
995683 2643
995684 2644
995685 2645
995686 2646
995687 2647
995688 2648
995689 2649
995690 2650
995691 2651
995692 2652
995693 2653
995694 2654
995695 2655
995696 2656
995697 2657
995698 2658
995699 2659
995700 2660
995701 2661
995702 2662
995703 2663
995704 2664
995705 2665
995706 2666
995707 2667
995708 2668
995709 2669
995710 2670
995711 2671
995712 2672
995713 2673
995714 2674
995715 2675
995716 2676
995717 2677
995718 2678
995719 2679
995720 2680
995721 2681
995722 2682
995723 2683
995724 2684
995725 2685
995726 2686
995727 2687
995728 2688
995729 2689
995730 2690
995731 2691
995732 2692
995733 2693
995734 2694
995735 2695
995736 2696
995737 2697
995738 2698
995739 2699
995740 2700
995741 2701
995742 2702
995743 2703
995744 2704
995745 2705
995746 2706
995747 2707
995748 2708
995749 2709
995750 2710
995751 2711
995752 2712
995753 2713
995754 2714
995755 2715
995756 2716
995757 2717
995758 2718
995759 2719
995760 2720
995761 2721
995762 2722
995763 2723
995764 2724
995765 2725
995766 2726
995767 2727
995768 2728
995769 2729
995770 2730
995771 2731
995772 2732
995773 2733
995774 2734
995775 2735
995776 2736
995777 2737
995778 2738
995779 2739
995780 2740
995781 2741
995782 2742
995783 2743
995784 2744
995785 2745
995786 2746
995787 2747
995788 2748
995789 2749
995790 2750
995791 2751
995792 2752
995793 2753
995794 2754
995795 2755
995796 2756
995797 2757
995798 2758
995799 2759
995800 2760
995801 2761
995802 2762
995803 2763
995804 2764
995805 2765
995806 2766
995807 2767
995808 2768
995809 2769
995810 2770
995811 2771
995812 2772
995813 2773
995814 2774
995815 2775
995816 2776
995817 2777
995818 2778
995819 2779
995820 2780
995821 2781
995822 2782
995823 2783
995824 2784
995825 2785
995826 2786
995827 2787
995828 2788
995829 2789
995830 2790
995831 2791
995832 2792
995833 2793
995834 2794
995835 2795
995836 2796
995837 2797
995838 2798
995839 2799
995840 2800
995841 2801
995842 2802
995843 2803
995844 2804
995845 2805
995846 2806
995847 2807
995848 2808
995849 2809
995850 2810
995851 2811
995852 2812
995853 2813
995854 2814
995855 2815
995856 2816
995857 2817
995858 2818
995859 2819
995860 2820
995861 2821
995862 2822
995863 2823
995864 2824
995865 2825
995866 2826
995867 2827
995868 2828
995869 2829
995870 2830
995871 2831
995872 2832
995873 2833
995874 2834
995875 2835
995876 2836
995877 2837
995878 2838
995879 2839
995880 2840
995881 2841
995882 2842
995883 2843
995884 2844
995885 2845
995886 2846
995887 2847
995888 2848
995889 2849
995890 2850
995891 2851
995892 2852
995893 2853
995894 2854
995895 2855
995896 2856
995897 2857
995898 2858
995899 2859
995900 2860
995901 2861
995902 2862
995903 2863
995904 2864
995905 2865
995906 2866
995907 2867
995908 2868
995909 2869
995910 2870
995911 2871
995912 2872
995913 2873
995914 2874
995915 2875
995916 2876
995917 2877
995918 2878
995919 2879
995920 2880
995921 2881
995922 2882
995923 2883
995924 2884
995925 2885
995926 2886
995927 2887
995928 2888
995929 2889
995930 2890
995931 2891
995932 2892
995933 2893
995934 2894
995935 2895
995936 2896
995937 2897
995938 2898
995939 2899
995940 2900
995941 2901
995942 2902
995943 2903
995944 2904
995945 2905
995946 2906
995947 2907
995948 2908
995949 2909
995950 2910
995951 2911
995952 2912
995953 2913
995954 2914
995955 2915
995956 2916
995957 2917
995958 2918
995959 2919
995960 2920
995961 2921
995962 2922
995963 2923
995964 2924
995965 2925
995966 2926
995967 2927
995968 2928
995969 2929
995970 2930
995971 2931
995972 2932
995973 2933
995974 2934
995975 2935
995976 2936
995977 2937
995978 2938
995979 2939
995980 2940
995981 2941
995982 2942
995983 2943
995984 2944
995985 2945
995986 2946
995987 2947
995988 2948
995989 2949
995990 2950
995991 2951
995992 2952
995993 2953
995994 2954
995995 2955
995996 2956
995997 2957
995998 2958
995999 2959
996000 2960
996001 2961
996002 2962
996003 2963
996004 2964
996005 2965
996006 2966
996007 2967
996008 2968
996009 2969
996010 2970
996011 2971
996012 2972
996013 2973
996014 2974
996015 2975
996016 2976
996017 2977
996018 2978
996019 2979
996020 2980
996021 2981
996022 2982
996023 2983
996024 2984
996025 2985
996026 2986
996027 2987
996028 2988
996029 2989
996030 2990
996031 2991
996032 2992
996033 2993
996034 2994
996035 2995
996036 2996
996037 2997
996038 2998
996039 2999
996040 3000
996041 3001
996042 3002
996043 3003
996044 3004
996045 3005
996046 3006
996047 3007
996048 3008
996049 3009
996050 3010
996051 3011
996052 3012
996053 3013
996054 3014
996055 3015
996056 3016
996057 3017
996058 3018
996059 3019
996060 3020
996061 3021
996062 3022
996063 3023
996064 3024
996065 3025
996066 3026
996067 3027
996068 3028
996069 3029
996070 3030
996071 3031
996072 3032
996073 3033
996074 3034
996075 3035
996076 3036
996077 3037
996078 3038
996079 3039
996080 3040
996081 3041
996082 3042
996083 3043
996084 3044
996085 3045
996086 3046
996087 3047
996088 3048
996089 3049
996090 3050
996091 3051
996092 3052
996093 3053
996094 3054
996095 3055
996096 3056
996097 3057
996098 3058
996099 3059
996100 3060
996101 3061
996102 3062
996103 3063
996104 3064
996105 3065
996106 3066
996107 3067
996108 3068
996109 3069
996110 3070
996111 3071
996112 3072
996113 3073
996114 3074
996115 3075
996116 3076
996117 3077
996118 3078
996119 3079
996120 3080
996121 3081
996122 3082
996123 3083
996124 3084
996125 3085
996126 3086
996127 3087
996128 3088
996129 3089
996130 3090
996131 3091
996132 3092
996133 3093
996134 3094
996135 3095
996136 3096
996137 3097
996138 3098
996139 3099
996140 3100
996141 3101
996142 3102
996143 3103
996144 3104
996145 3105
996146 3106
996147 3107
996148 3108
996149 3109
996150 3110
996151 3111
996152 3112
996153 3113
996154 3114
996155 3115
996156 3116
996157 3117
996158 3118
996159 3119
996160 3120
996161 3121
996162 3122
996163 3123
996164 3124
996165 3125
996166 3126
996167 3127
996168 3128
996169 3129
996170 3130
996171 3131
996172 3132
996173 3133
996174 3134
996175 3135
996176 3136
996177 3137
996178 3138
996179 3139
996180 3140
996181 3141
996182 3142
996183 3143
996184 3144
996185 3145
996186 3146
996187 3147
996188 3148
996189 3149
996190 3150
996191 3151
996192 3152
996193 3153
996194 3154
996195 3155
996196 3156
996197 3157
996198 3158
996199 3159
996200 3160
996201 3161
996202 3162
996203 3163
996204 3164
996205 3165
996206 3166
996207 3167
996208 3168
996209 3169
996210 3170
996211 3171
996212 3172
996213 3173
996214 3174
996215 3175
996216 3176
996217 3177
996218 3178
996219 3179
996220 3180
996221 3181
996222 3182
996223 3183
996224 3184
996225 3185
996226 3186
996227 3187
996228 3188
996229 3189
996230 3190
996231 3191
996232 3192
996233 3193
996234 3194
996235 3195
996236 3196
996237 3197
996238 3198
996239 3199
996240 3200
996241 3201
996242 3202
996243 3203
996244 3204
996245 3205
996246 3206
996247 3207
996248 3208
996249 3209
996250 3210
996251 3211
996252 3212
996253 3213
996254 3214
996255 3215
996256 3216
996257 3217
996258 3218
996259 3219
996260 3220
996261 3221
996262 3222
996263 3223
996264 3224
996265 3225
996266 3226
996267 3227
996268 3228
996269 3229
996270 3230
996271 3231
996272 3232
996273 3233
996274 3234
996275 3235
996276 3236
996277 3237
996278 3238
996279 3239
996280 3240
996281 3241
996282 3242
996283 3243
996284 3244
996285 3245
996286 3246
996287 3247
996288 3248
996289 3249
996290 3250
996291 3251
996292 3252
996293 3253
996294 3254
996295 3255
996296 3256
996297 3257
996298 3258
996299 3259
996300 3260
996301 3261
996302 3262
996303 3263
996304 3264
996305 3265
996306 3266
996307 3267
996308 3268
996309 3269
996310 3270
996311 3271
996312 3272
996313 3273
996314 3274
996315 3275
996316 3276
996317 3277
996318 3278
996319 3279
996320 3280
996321 3281
996322 3282
996323 3283
996324 3284
996325 3285
996326 3286
996327 3287
996328 3288
996329 3289
996330 3290
996331 3291
996332 3292
996333 3293
996334 3294
996335 3295
996336 3296
996337 3297
996338 3298
996339 3299
996340 3300
996341 3301
996342 3302
996343 3303
996344 3304
996345 3305
996346 3306
996347 3307
996348 3308
996349 3309
996350 3310
996351 3311
996352 3312
996353 3313
996354 3314
996355 3315
996356 3316
996357 3317
996358 3318
996359 3319
996360 3320
996361 3321
996362 3322
996363 3323
996364 3324
996365 3325
996366 3326
996367 3327
996368 3328
996369 3329
996370 3330
996371 3331
996372 3332
996373 3333
996374 3334
996375 3335
996376 3336
996377 3337
996378 3338
996379 3339
996380 3340
996381 3341
996382 3342
996383 3343
996384 3344
996385 3345
996386 3346
996387 3347
996388 3348
996389 3349
996390 3350
996391 3351
996392 3352
996393 3353
996394 3354
996395 3355
996396 3356
996397 3357
996398 3358
996399 3359
996400 3360
996401 3361
996402 3362
996403 3363
996404 3364
996405 3365
996406 3366
996407 3367
996408 3368
996409 3369
996410 3370
996411 3371
996412 3372
996413 3373
996414 3374
996415 3375
996416 3376
996417 3377
996418 3378
996419 3379
996420 3380
996421 3381
996422 3382
996423 3383
996424 3384
996425 3385
996426 3386
996427 3387
996428 3388
996429 3389
996430 3390
996431 3391
996432 3392
996433 3393
996434 3394
996435 3395
996436 3396
996437 3397
996438 3398
996439 3399
996440 3400
996441 3401
996442 3402
996443 3403
996444 3404
996445 3405
996446 3406
996447 3407
996448 3408
996449 3409
996450 3410
996451 3411
996452 3412
996453 3413
996454 3414
996455 3415
996456 3416
996457 3417
996458 3418
996459 3419
996460 3420
996461 3421
996462 3422
996463 3423
996464 3424
996465 3425
996466 3426
996467 3427
996468 3428
996469 3429
996470 3430
996471 3431
996472 3432
996473 3433
996474 3434
996475 3435
996476 3436
996477 3437
996478 3438
996479 3439
996480 3440
996481 3441
996482 3442
996483 3443
996484 3444
996485 3445
996486 3446
996487 3447
996488 3448
996489 3449
996490 3450
996491 3451
996492 3452
996493 3453
996494 3454
996495 3455
996496 3456
996497 3457
996498 3458
996499 3459
996500 3460
996501 3461
996502 3462
996503 3463
996504 3464
996505 3465
996506 3466
996507 3467
996508 3468
996509 3469
996510 3470
996511 3471
996512 3472
996513 3473
996514 3474
996515 3475
996516 3476
996517 3477
996518 3478
996519 3479
996520 3480
996521 3481
996522 3482
996523 3483
996524 3484
996525 3485
996526 3486
996527 3487
996528 3488
996529 3489
996530 3490
996531 3491
996532 3492
996533 3493
996534 3494
996535 3495
996536 3496
996537 3497
996538 3498
996539 3499
996540 3500
996541 3501
996542 3502
996543 3503
996544 3504
996545 3505
996546 3506
996547 3507
996548 3508
996549 3509
996550 3510
996551 3511
996552 3512
996553 3513
996554 3514
996555 3515
996556 3516
996557 3517
996558 3518
996559 3519
996560 3520
996561 3521
996562 3522
996563 3523
996564 3524
996565 3525
996566 3526
996567 3527
996568 3528
996569 3529
996570 3530
996571 3531
996572 3532
996573 3533
996574 3534
996575 3535
996576 3536
996577 3537
996578 3538
996579 3539
996580 3540
996581 3541
996582 3542
996583 3543
996584 3544
996585 3545
996586 3546
996587 3547
996588 3548
996589 3549
996590 3550
996591 3551
996592 3552
996593 3553
996594 3554
996595 3555
996596 3556
996597 3557
996598 3558
996599 3559
996600 3560
996601 3561
996602 3562
996603 3563
996604 3564
996605 3565
996606 3566
996607 3567
996608 3568
996609 3569
996610 3570
996611 3571
996612 3572
996613 3573
996614 3574
996615 3575
996616 3576
996617 3577
996618 3578
996619 3579
996620 3580
996621 3581
996622 3582
996623 3583
996624 3584
996625 3585
996626 3586
996627 3587
996628 3588
996629 3589
996630 3590
996631 3591
996632 3592
996633 3593
996634 3594
996635 3595
996636 3596
996637 3597
996638 3598
996639 3599
996640 3600
996641 3601
996642 3602
996643 3603
996644 3604
996645 3605
996646 3606
996647 3607
996648 3608
996649 3609
996650 3610
996651 3611
996652 3612
996653 3613
996654 3614
996655 3615
996656 3616
996657 3617
996658 3618
996659 3619
996660 3620
996661 3621
996662 3622
996663 3623
996664 3624
996665 3625
996666 3626
996667 3627
996668 3628
996669 3629
996670 3630
996671 3631
996672 3632
996673 3633
996674 3634
996675 3635
996676 3636
996677 3637
996678 3638
996679 3639
996680 3640
996681 3641
996682 3642
996683 3643
996684 3644
996685 3645
996686 3646
996687 3647
996688 3648
996689 3649
996690 3650
996691 3651
996692 3652
996693 3653
996694 3654
996695 3655
996696 3656
996697 3657
996698 3658
996699 3659
996700 3660
996701 3661
996702 3662
996703 3663
996704 3664
996705 3665
996706 3666
996707 3667
996708 3668
996709 3669
996710 3670
996711 3671
996712 3672
996713 3673
996714 3674
996715 3675
996716 3676
996717 3677
996718 3678
996719 3679
996720 3680
996721 3681
996722 3682
996723 3683
996724 3684
996725 3685
996726 3686
996727 3687
996728 3688
996729 3689
996730 3690
996731 3691
996732 3692
996733 3693
996734 3694
996735 3695
996736 3696
996737 3697
996738 3698
996739 3699
996740 3700
996741 3701
996742 3702
996743 3703
996744 3704
996745 3705
996746 3706
996747 3707
996748 3708
996749 3709
996750 3710
996751 3711
996752 3712
996753 3713
996754 3714
996755 3715
996756 3716
996757 3717
996758 3718
996759 3719
996760 3720
996761 3721
996762 3722
996763 3723
996764 3724
996765 3725
996766 3726
996767 3727
996768 3728
996769 3729
996770 3730
996771 3731
996772 3732
996773 3733
996774 3734
996775 3735
996776 3736
996777 3737
996778 3738
996779 3739
996780 3740
996781 3741
996782 3742
996783 3743
996784 3744
996785 3745
996786 3746
996787 3747
996788 3748
996789 3749
996790 3750
996791 3751
996792 3752
996793 3753
996794 3754
996795 3755
996796 3756
996797 3757
996798 3758
996799 3759
996800 3760
996801 3761
996802 3762
996803 3763
996804 3764
996805 3765
996806 3766
996807 3767
996808 3768
996809 3769
996810 3770
996811 3771
996812 3772
996813 3773
996814 3774
996815 3775
996816 3776
996817 3777
996818 3778
996819 3779
996820 3780
996821 3781
996822 3782
996823 3783
996824 3784
996825 3785
996826 3786
996827 3787
996828 3788
996829 3789
996830 3790
996831 3791
996832 3792
996833 3793
996834 3794
996835 3795
996836 3796
996837 3797
996838 3798
996839 3799
996840 3800
996841 3801
996842 3802
996843 3803
996844 3804
996845 3805
996846 3806
996847 3807
996848 3808
996849 3809
996850 3810
996851 3811
996852 3812
996853 3813
996854 3814
996855 3815
996856 3816
996857 3817
996858 3818
996859 3819
996860 3820
996861 3821
996862 3822
996863 3823
996864 3824
996865 3825
996866 3826
996867 3827
996868 3828
996869 3829
996870 3830
996871 3831
996872 3832
996873 3833
996874 3834
996875 3835
996876 3836
996877 3837
996878 3838
996879 3839
996880 3840
996881 3841
996882 3842
996883 3843
996884 3844
996885 3845
996886 3846
996887 3847
996888 3848
996889 3849
996890 3850
996891 3851
996892 3852
996893 3853
996894 3854
996895 3855
996896 3856
996897 3857
996898 3858
996899 3859
996900 3860
996901 3861
996902 3862
996903 3863
996904 3864
996905 3865
996906 3866
996907 3867
996908 3868
996909 3869
996910 3870
996911 3871
996912 3872
996913 3873
996914 3874
996915 3875
996916 3876
996917 3877
996918 3878
996919 3879
996920 3880
996921 3881
996922 3882
996923 3883
996924 3884
996925 3885
996926 3886
996927 3887
996928 3888
996929 3889
996930 3890
996931 3891
996932 3892
996933 3893
996934 3894
996935 3895
996936 3896
996937 3897
996938 3898
996939 3899
996940 3900
996941 3901
996942 3902
996943 3903
996944 3904
996945 3905
996946 3906
996947 3907
996948 3908
996949 3909
996950 3910
996951 3911
996952 3912
996953 3913
996954 3914
996955 3915
996956 3916
996957 3917
996958 3918
996959 3919
996960 3920
996961 3921
996962 3922
996963 3923
996964 3924
996965 3925
996966 3926
996967 3927
996968 3928
996969 3929
996970 3930
996971 3931
996972 3932
996973 3933
996974 3934
996975 3935
996976 3936
996977 3937
996978 3938
996979 3939
996980 3940
996981 3941
996982 3942
996983 3943
996984 3944
996985 3945
996986 3946
996987 3947
996988 3948
996989 3949
996990 3950
996991 3951
996992 3952
996993 3953
996994 3954
996995 3955
996996 3956
996997 3957
996998 3958
996999 3959
997000 3960
997001 3961
997002 3962
997003 3963
997004 3964
997005 3965
997006 3966
997007 3967
997008 3968
997009 3969
997010 3970
997011 3971
997012 3972
997013 3973
997014 3974
997015 3975
997016 3976
997017 3977
997018 3978
997019 3979
997020 3980
997021 3981
997022 3982
997023 3983
997024 3984
997025 3985
997026 3986
997027 3987
997028 3988
997029 3989
997030 3990
997031 3991
997032 3992
997033 3993
997034 3994
997035 3995
997036 3996
997037 3997
997038 3998
997039 3999
997040 4000
997041 4001
997042 4002
997043 4003
997044 4004
997045 4005
997046 4006
997047 4007
997048 4008
997049 4009
997050 4010
997051 4011
997052 4012
997053 4013
997054 4014
997055 4015
997056 4016
997057 4017
997058 4018
997059 4019
997060 4020
997061 4021
997062 4022
997063 4023
997064 4024
997065 4025
997066 4026
997067 4027
997068 4028
997069 4029
997070 4030
997071 4031
997072 4032
997073 4033
997074 4034
997075 4035
997076 4036
997077 4037
997078 4038
997079 4039
997080 4040
997081 4041
997082 4042
997083 4043
997084 4044
997085 4045
997086 4046
997087 4047
997088 4048
997089 4049
997090 4050
997091 4051
997092 4052
997093 4053
997094 4054
997095 4055
997096 4056
997097 4057
997098 4058
997099 4059
997100 4060
997101 4061
997102 4062
997103 4063
997104 4064
997105 4065
997106 4066
997107 4067
997108 4068
997109 4069
997110 4070
997111 4071
997112 4072
997113 4073
997114 4074
997115 4075
997116 4076
997117 4077
997118 4078
997119 4079
997120 4080
997121 4081
997122 4082
997123 4083
997124 4084
997125 4085
997126 4086
997127 4087
997128 4088
997129 4089
997130 4090
997131 4091
997132 4092
997133 4093
997134 4094
997135 4095
997136 4096
997137 4097
997138 4098
997139 4099
997140 4100
997141 4101
997142 4102
997143 4103
997144 4104
997145 4105
997146 4106
997147 4107
997148 4108
997149 4109
997150 4110
997151 4111
997152 4112
997153 4113
997154 4114
997155 4115
997156 4116
997157 4117
997158 4118
997159 4119
