993040 0
993050 1
993060 2
993070 3
993080 4
993090 5
993100 6
993110 7
993120 8
993130 9
993140 10
993150 11
993160 12
993170 13
993180 14
993190 15
993200 16
993210 17
993220 18
993230 19
993240 20
993250 21
993260 22
993270 23
993280 24
993290 25
993300 26
993310 27
993320 28
993330 29
993340 30
993350 31
993360 32
993370 33
993380 34
993390 35
993400 36
993410 37
993420 38
993430 39
993440 40
993450 41
993460 42
993470 43
993480 44
993490 45
993500 46
993510 47
993520 48
993530 49
993540 50
993550 51
993560 52
993570 53
993580 54
993590 55
993600 56
993610 57
993620 58
993630 59
993640 60
993650 61
993660 62
993670 63
993680 64
993690 65
993700 66
993710 67
993720 68
993730 69
993740 70
993750 71
993760 72
993770 73
993780 74
993790 75
993800 76
993810 77
993820 78
993830 79
993840 80
993850 81
993860 82
993870 83
993880 84
993890 85
993900 86
993910 87
993920 88
993930 89
993940 90
993950 91
993960 92
993970 93
993980 94
993990 95
994000 96
994010 97
994020 98
994030 99
994040 100
994050 101
994060 102
994070 103
994080 104
994090 105
994100 106
994110 107
994120 108
994130 109
994140 110
994150 111
994160 112
994170 113
994180 114
994190 115
994200 116
994210 117
994220 118
994230 119
994240 120
994250 121
994260 122
994270 123
994280 124
994290 125
994300 126
994310 127
994320 128
994330 129
994340 130
994350 131
994360 132
994370 133
994380 134
994390 135
994400 136
994410 137
994420 138
994430 139
994440 140
994450 141
994460 142
994470 143
994480 144
994490 145
994500 146
994510 147
994520 148
994530 149
994540 150
994550 151
994560 152
994570 153
994580 154
994590 155
994600 156
994610 157
994620 158
994630 159
994640 160
994650 161
994660 162
994670 163
994680 164
994690 165
994700 166
994710 167
994720 168
994730 169
994740 170
994750 171
994760 172
994770 173
994780 174
994790 175
994800 176
994810 177
994820 178
994830 179
994840 180
994850 181
994860 182
994870 183
994880 184
994890 185
994900 186
994910 187
994920 188
994930 189
994940 190
994950 191
994960 192
994970 193
994980 194
994990 195
995000 196
995010 197
995020 198
995030 199
995040 200
995050 201
995060 202
995070 203
995080 204
995090 205
995100 206
995110 207
995120 208
995130 209
995140 210
995150 211
995160 212
995170 213
995180 214
995190 215
995200 216
995210 217
995220 218
995230 219
995240 220
995250 221
995260 222
995270 223
995280 224
995290 225
995300 226
995310 227
995320 228
995330 229
995340 230
995350 231
995360 232
995370 233
995380 234
995390 235
995400 236
995410 237
995420 238
995430 239
995440 240
995450 241
995460 242
995470 243
995480 244
995490 245
995500 246
995510 247
995520 248
995530 249
995540 250
995550 251
995560 252
995570 253
995580 254
995590 255
995600 256
995610 257
995620 258
995630 259
995640 260
995650 261
995660 262
995670 263
995680 264
995690 265
995700 266
995710 267
995720 268
995730 269
995740 270
995750 271
995760 272
995770 273
995780 274
995790 275
995800 276
995810 277
995820 278
995830 279
995840 280
995850 281
995860 282
995870 283
995880 284
995890 285
995900 286
995910 287
995920 288
995930 289
995940 290
995950 291
995960 292
995970 293
995980 294
995990 295
996000 296
996010 297
996020 298
996030 299
996040 300
996050 301
996060 302
996070 303
996080 304
996090 305
996100 306
996110 307
996120 308
996130 309
996140 310
996150 311
996160 312
996170 313
996180 314
996190 315
996200 316
996210 317
996220 318
996230 319
996240 320
996250 321
996260 322
996270 323
996280 324
996290 325
996300 326
996310 327
996320 328
996330 329
996340 330
996350 331
996360 332
996370 333
996380 334
996390 335
996400 336
996410 337
996420 338
996430 339
996440 340
996450 341
996460 342
996470 343
996480 344
996490 345
996500 346
996510 347
996520 348
996530 349
996540 350
996550 351
996560 352
996570 353
996580 354
996590 355
996600 356
996610 357
996620 358
996630 359
996640 360
996650 361
996660 362
996670 363
996680 364
996690 365
996700 366
996710 367
996720 368
996730 369
996740 370
996750 371
996760 372
996770 373
996780 374
996790 375
996800 376
996810 377
996820 378
996830 379
996840 380
996850 381
996860 382
996870 383
996880 384
996890 385
996900 386
996910 387
996920 388
996930 389
996940 390
996950 391
996960 392
996970 393
996980 394
996990 395
997000 396
997010 397
997020 398
997030 399
997040 400
997050 401
997060 402
997070 403
997080 404
997090 405
997100 406
997110 407
997120 408
997130 409
997140 410
997150 411
997160 412
997170 413
997180 414
997190 415
997200 416
997210 417
997220 418
997230 419
997240 420
997250 421
997260 422
997270 423
997280 424
997290 425
997300 426
997310 427
997320 428
997330 429
997340 430
997350 431
997360 432
997370 433
997380 434
997390 435
997400 436
997410 437
997420 438
997430 439
997440 440
997450 441
997460 442
997470 443
997480 444
997490 445
997500 446
997510 447
997520 448
997530 449
997540 450
997550 451
997560 452
997570 453
997580 454
997590 455
997600 456
997610 457
997620 458
997630 459
997640 460
997650 461
997660 462
997670 463
997680 464
997690 465
997700 466
997710 467
997720 468
997730 469
997740 470
997750 471
997760 472
997770 473
997780 474
997790 475
997800 476
997810 477
997820 478
997830 479
997840 480
997850 481
997860 482
997870 483
997880 484
997890 485
997900 486
997910 487
997920 488
997930 489
997940 490
997950 491
997960 492
997970 493
997980 494
997990 495
998000 496
998010 497
998020 498
998030 499
998040 500
998050 501
998060 502
998070 503
998080 504
998090 505
998100 506
998110 507
998120 508
998130 509
998140 510
998150 511
998160 512
998170 513
998180 514
998190 515
998200 516
998210 517
998220 518
998230 519
998240 520
998250 521
998260 522
998270 523
998280 524
998290 525
998300 526
998310 527
998320 528
998330 529
998340 530
998350 531
998360 532
998370 533
998380 534
998390 535
998400 536
998410 537
998420 538
998430 539
998440 540
998450 541
998460 542
998470 543
998480 544
998490 545
998500 546
998510 547
998520 548
998530 549
998540 550
998550 551
998560 552
998570 553
998580 554
998590 555
998600 556
998610 557
998620 558
998630 559
998640 560
998650 561
998660 562
998670 563
998680 564
998690 565
998700 566
998710 567
998720 568
998730 569
998740 570
998750 571
998760 572
998770 573
998780 574
998790 575
998800 576
998810 577
998820 578
998830 579
998840 580
998850 581
998860 582
998870 583
998880 584
998890 585
998900 586
998910 587
998920 588
998930 589
998940 590
998950 591
998960 592
998970 593
998980 594
998990 595
999000 596
999010 597
999020 598
999030 599
999040 600
999050 601
999060 602
999070 603
999080 604
999090 605
999100 606
999110 607
999120 608
999130 609
999140 610
999150 611
999160 612
999170 613
999180 614
999190 615
999200 616
999210 617
999220 618
999230 619
999240 620
999250 621
999260 622
999270 623
999280 624
999290 625
999300 626
999310 627
999320 628
999330 629
999340 630
999350 631
999360 632
999370 633
999380 634
999390 635
999400 636
999410 637
999420 638
999430 639
999440 640
999450 641
999460 642
999470 643
999480 644
999490 645
999500 646
999510 647
999520 648
999530 649
999540 650
999550 651
999560 652
999570 653
999580 654
999590 655
999600 656
999610 657
999620 658
999630 659
999640 660
999650 661
999660 662
999670 663
999680 664
999690 665
999700 666
999710 667
999720 668
999730 669
999740 670
999750 671
999760 672
999770 673
999780 674
999790 675
999800 676
999810 677
999820 678
999830 679
999840 680
999850 681
999860 682
999870 683
999880 684
999890 685
999900 686
999910 687
999920 688
999930 689
999940 690
999950 691
999960 692
999970 693
999980 694
999990 695
1000000 696
1000010 697
1000020 698
1000030 699
1000040 700
1000050 701
1000060 702
1000070 703
1000080 704
1000090 705
1000100 706
1000110 707
1000120 708
1000130 709
1000140 710
1000150 711
1000160 712
1000170 713
1000180 714
1000190 715
1000200 716
1000210 717
1000220 718
1000230 719
1000240 720
1000250 721
1000260 722
1000270 723
1000280 724
1000290 725
1000300 726
1000310 727
1000320 728
1000330 729
1000340 730
1000350 731
1000360 732
1000370 733
1000380 734
1000390 735
1000400 736
1000410 737
1000420 738
1000430 739
1000440 740
1000450 741
1000460 742
1000470 743
1000480 744
1000490 745
1000500 746
1000510 747
1000520 748
1000530 749
1000540 750
1000550 751
1000560 752
1000570 753
1000580 754
1000590 755
1000600 756
1000610 757
1000620 758
1000630 759
1000640 760
1000650 761
1000660 762
1000670 763
1000680 764
1000690 765
1000700 766
1000710 767
1000720 768
1000730 769
1000740 770
1000750 771
1000760 772
1000770 773
1000780 774
1000790 775
1000800 776
1000810 777
1000820 778
1000830 779
1000840 780
1000850 781
1000860 782
1000870 783
1000880 784
1000890 785
1000900 786
1000910 787
1000920 788
1000930 789
1000940 790
1000950 791
1000960 792
1000970 793
1000980 794
1000990 795
1001000 796
1001010 797
1001020 798
1001030 799
1001040 800
1001050 801
1001060 802
1001070 803
1001080 804
1001090 805
1001100 806
1001110 807
1001120 808
1001130 809
1001140 810
1001150 811
1001160 812
1001170 813
1001180 814
1001190 815
1001200 816
1001210 817
1001220 818
1001230 819
1001240 820
1001250 821
1001260 822
1001270 823
1001280 824
1001290 825
1001300 826
1001310 827
1001320 828
1001330 829
1001340 830
1001350 831
1001360 832
1001370 833
1001380 834
1001390 835
1001400 836
1001410 837
1001420 838
1001430 839
1001440 840
1001450 841
1001460 842
1001470 843
1001480 844
1001490 845
1001500 846
1001510 847
1001520 848
1001530 849
1001540 850
1001550 851
1001560 852
1001570 853
1001580 854
1001590 855
1001600 856
1001610 857
1001620 858
1001630 859
1001640 860
1001650 861
1001660 862
1001670 863
1001680 864
1001690 865
1001700 866
1001710 867
1001720 868
1001730 869
1001740 870
1001750 871
1001760 872
1001770 873
1001780 874
1001790 875
1001800 876
1001810 877
1001820 878
1001830 879
1001840 880
1001850 881
1001860 882
1001870 883
1001880 884
1001890 885
1001900 886
1001910 887
1001920 888
1001930 889
1001940 890
1001950 891
1001960 892
1001970 893
1001980 894
1001990 895
1002000 896
1002010 897
1002020 898
1002030 899
1002040 900
1002050 901
1002060 902
1002070 903
1002080 904
1002090 905
1002100 906
1002110 907
1002120 908
1002130 909
1002140 910
1002150 911
1002160 912
1002170 913
1002180 914
1002190 915
1002200 916
1002210 917
1002220 918
1002230 919
1002240 920
1002250 921
1002260 922
1002270 923
1002280 924
1002290 925
1002300 926
1002310 927
1002320 928
1002330 929
1002340 930
1002350 931
1002360 932
1002370 933
1002380 934
1002390 935
1002400 936
1002410 937
1002420 938
1002430 939
1002440 940
1002450 941
1002460 942
1002470 943
1002480 944
1002490 945
1002500 946
1002510 947
1002520 948
1002530 949
1002540 950
1002550 951
1002560 952
1002570 953
1002580 954
1002590 955
1002600 956
1002610 957
1002620 958
1002630 959
1002640 960
1002650 961
1002660 962
1002670 963
1002680 964
1002690 965
1002700 966
1002710 967
1002720 968
1002730 969
1002740 970
1002750 971
1002760 972
1002770 973
1002780 974
1002790 975
1002800 976
1002810 977
1002820 978
1002830 979
1002840 980
1002850 981
1002860 982
1002870 983
1002880 984
1002890 985
1002900 986
1002910 987
1002920 988
1002930 989
1002940 990
1002950 991
1002960 992
1002970 993
1002980 994
1002990 995
1003000 996
1003010 997
1003020 998
1003030 999
1003040 1000
1003050 1001
1003060 1002
1003070 1003
1003080 1004
1003090 1005
1003100 1006
1003110 1007
1003120 1008
1003130 1009
1003140 1010
1003150 1011
1003160 1012
1003170 1013
1003180 1014
1003190 1015
1003200 1016
1003210 1017
1003220 1018
1003230 1019
1003240 1020
1003250 1021
1003260 1022
1003270 1023
1003280 1024
1003290 1025
1003300 1026
1003310 1027
1003320 1028
1003330 1029
1003340 1030
1003350 1031
1003360 1032
1003370 1033
1003380 1034
1003390 1035
1003400 1036
1003410 1037
1003420 1038
1003430 1039
1003440 1040
1003450 1041
1003460 1042
1003470 1043
1003480 1044
1003490 1045
1003500 1046
1003510 1047
1003520 1048
1003530 1049
1003540 1050
1003550 1051
1003560 1052
1003570 1053
1003580 1054
1003590 1055
1003600 1056
1003610 1057
1003620 1058
1003630 1059
1003640 1060
1003650 1061
1003660 1062
1003670 1063
1003680 1064
1003690 1065
1003700 1066
1003710 1067
1003720 1068
1003730 1069
1003740 1070
1003750 1071
1003760 1072
1003770 1073
1003780 1074
1003790 1075
1003800 1076
1003810 1077
1003820 1078
1003830 1079
1003840 1080
1003850 1081
1003860 1082
1003870 1083
1003880 1084
1003890 1085
1003900 1086
1003910 1087
1003920 1088
1003930 1089
1003940 1090
1003950 1091
1003960 1092
1003970 1093
1003980 1094
1003990 1095
1004000 1096
1004010 1097
1004020 1098
1004030 1099
1004040 1100
1004050 1101
1004060 1102
1004070 1103
1004080 1104
1004090 1105
1004100 1106
1004110 1107
1004120 1108
1004130 1109
1004140 1110
1004150 1111
1004160 1112
1004170 1113
1004180 1114
1004190 1115
1004200 1116
1004210 1117
1004220 1118
1004230 1119
1004240 1120
1004250 1121
1004260 1122
1004270 1123
1004280 1124
1004290 1125
1004300 1126
1004310 1127
1004320 1128
1004330 1129
1004340 1130
1004350 1131
1004360 1132
1004370 1133
1004380 1134
1004390 1135
1004400 1136
1004410 1137
1004420 1138
1004430 1139
1004440 1140
1004450 1141
1004460 1142
1004470 1143
1004480 1144
1004490 1145
1004500 1146
1004510 1147
1004520 1148
1004530 1149
1004540 1150
1004550 1151
1004560 1152
1004570 1153
1004580 1154
1004590 1155
1004600 1156
1004610 1157
1004620 1158
1004630 1159
1004640 1160
1004650 1161
1004660 1162
1004670 1163
1004680 1164
1004690 1165
1004700 1166
1004710 1167
1004720 1168
1004730 1169
1004740 1170
1004750 1171
1004760 1172
1004770 1173
1004780 1174
1004790 1175
1004800 1176
1004810 1177
1004820 1178
1004830 1179
1004840 1180
1004850 1181
1004860 1182
1004870 1183
1004880 1184
1004890 1185
1004900 1186
1004910 1187
1004920 1188
1004930 1189
1004940 1190
1004950 1191
1004960 1192
1004970 1193
1004980 1194
1004990 1195
1005000 1196
1005010 1197
1005020 1198
1005030 1199
1005040 1200
1005050 1201
1005060 1202
1005070 1203
1005080 1204
1005090 1205
1005100 1206
1005110 1207
1005120 1208
1005130 1209
1005140 1210
1005150 1211
1005160 1212
1005170 1213
1005180 1214
1005190 1215
1005200 1216
1005210 1217
1005220 1218
1005230 1219
1005240 1220
1005250 1221
1005260 1222
1005270 1223
1005280 1224
1005290 1225
1005300 1226
1005310 1227
1005320 1228
1005330 1229
1005340 1230
1005350 1231
1005360 1232
1005370 1233
1005380 1234
1005390 1235
1005400 1236
1005410 1237
1005420 1238
1005430 1239
1005440 1240
1005450 1241
1005460 1242
1005470 1243
1005480 1244
1005490 1245
1005500 1246
1005510 1247
1005520 1248
1005530 1249
1005540 1250
1005550 1251
1005560 1252
1005570 1253
1005580 1254
1005590 1255
1005600 1256
1005610 1257
1005620 1258
1005630 1259
1005640 1260
1005650 1261
1005660 1262
1005670 1263
1005680 1264
1005690 1265
1005700 1266
1005710 1267
1005720 1268
1005730 1269
1005740 1270
1005750 1271
1005760 1272
1005770 1273
1005780 1274
1005790 1275
1005800 1276
1005810 1277
1005820 1278
1005830 1279
1005840 1280
1005850 1281
1005860 1282
1005870 1283
1005880 1284
1005890 1285
1005900 1286
1005910 1287
1005920 1288
1005930 1289
1005940 1290
1005950 1291
1005960 1292
1005970 1293
1005980 1294
1005990 1295
1006000 1296
1006010 1297
1006020 1298
1006030 1299
1006040 1300
1006050 1301
1006060 1302
1006070 1303
1006080 1304
1006090 1305
1006100 1306
1006110 1307
1006120 1308
1006130 1309
1006140 1310
1006150 1311
1006160 1312
1006170 1313
1006180 1314
1006190 1315
1006200 1316
1006210 1317
1006220 1318
1006230 1319
1006240 1320
1006250 1321
1006260 1322
1006270 1323
1006280 1324
1006290 1325
1006300 1326
1006310 1327
1006320 1328
1006330 1329
1006340 1330
1006350 1331
1006360 1332
1006370 1333
1006380 1334
1006390 1335
1006400 1336
1006410 1337
1006420 1338
1006430 1339
1006440 1340
1006450 1341
1006460 1342
1006470 1343
1006480 1344
1006490 1345
1006500 1346
1006510 1347
1006520 1348
1006530 1349
1006540 1350
1006550 1351
1006560 1352
1006570 1353
1006580 1354
1006590 1355
1006600 1356
1006610 1357
1006620 1358
1006630 1359
1006640 1360
1006650 1361
1006660 1362
1006670 1363
1006680 1364
1006690 1365
1006700 1366
1006710 1367
1006720 1368
1006730 1369
1006740 1370
1006750 1371
1006760 1372
1006770 1373
1006780 1374
1006790 1375
1006800 1376
1006810 1377
1006820 1378
1006830 1379
1006840 1380
1006850 1381
1006860 1382
1006870 1383
1006880 1384
1006890 1385
1006900 1386
1006910 1387
1006920 1388
1006930 1389
1006940 1390
1006950 1391
1006960 1392
1006970 1393
1006980 1394
1006990 1395
1007000 1396
1007010 1397
1007020 1398
1007030 1399
1007040 1400
1007050 1401
1007060 1402
1007070 1403
1007080 1404
1007090 1405
1007100 1406
1007110 1407
1007120 1408
1007130 1409
1007140 1410
1007150 1411
1007160 1412
1007170 1413
1007180 1414
1007190 1415
1007200 1416
1007210 1417
1007220 1418
1007230 1419
1007240 1420
1007250 1421
1007260 1422
1007270 1423
1007280 1424
1007290 1425
1007300 1426
1007310 1427
1007320 1428
1007330 1429
1007340 1430
1007350 1431
1007360 1432
1007370 1433
1007380 1434
1007390 1435
1007400 1436
1007410 1437
1007420 1438
1007430 1439
1007440 1440
1007450 1441
1007460 1442
1007470 1443
1007480 1444
1007490 1445
1007500 1446
1007510 1447
1007520 1448
1007530 1449
1007540 1450
1007550 1451
1007560 1452
1007570 1453
1007580 1454
1007590 1455
1007600 1456
1007610 1457
1007620 1458
1007630 1459
1007640 1460
1007650 1461
1007660 1462
1007670 1463
1007680 1464
1007690 1465
1007700 1466
1007710 1467
1007720 1468
1007730 1469
1007740 1470
1007750 1471
1007760 1472
1007770 1473
1007780 1474
1007790 1475
1007800 1476
1007810 1477
1007820 1478
1007830 1479
1007840 1480
1007850 1481
1007860 1482
1007870 1483
1007880 1484
1007890 1485
1007900 1486
1007910 1487
1007920 1488
1007930 1489
1007940 1490
1007950 1491
1007960 1492
1007970 1493
1007980 1494
1007990 1495
1008000 1496
1008010 1497
1008020 1498
1008030 1499
1008040 1500
1008050 1501
1008060 1502
1008070 1503
1008080 1504
1008090 1505
1008100 1506
1008110 1507
1008120 1508
1008130 1509
1008140 1510
1008150 1511
1008160 1512
1008170 1513
1008180 1514
1008190 1515
1008200 1516
1008210 1517
1008220 1518
1008230 1519
1008240 1520
1008250 1521
1008260 1522
1008270 1523
1008280 1524
1008290 1525
1008300 1526
1008310 1527
1008320 1528
1008330 1529
1008340 1530
1008350 1531
1008360 1532
1008370 1533
1008380 1534
1008390 1535
1008400 1536
1008410 1537
1008420 1538
1008430 1539
1008440 1540
1008450 1541
1008460 1542
1008470 1543
1008480 1544
1008490 1545
1008500 1546
1008510 1547
1008520 1548
1008530 1549
1008540 1550
1008550 1551
1008560 1552
1008570 1553
1008580 1554
1008590 1555
1008600 1556
1008610 1557
1008620 1558
1008630 1559
1008640 1560
1008650 1561
1008660 1562
1008670 1563
1008680 1564
1008690 1565
1008700 1566
1008710 1567
1008720 1568
1008730 1569
1008740 1570
1008750 1571
1008760 1572
1008770 1573
1008780 1574
1008790 1575
1008800 1576
1008810 1577
1008820 1578
1008830 1579
1008840 1580
1008850 1581
1008860 1582
1008870 1583
1008880 1584
1008890 1585
1008900 1586
1008910 1587
1008920 1588
1008930 1589
1008940 1590
1008950 1591
1008960 1592
1008970 1593
1008980 1594
1008990 1595
1009000 1596
1009010 1597
1009020 1598
1009030 1599
1009040 1600
1009050 1601
1009060 1602
1009070 1603
1009080 1604
1009090 1605
1009100 1606
1009110 1607
1009120 1608
1009130 1609
1009140 1610
1009150 1611
1009160 1612
1009170 1613
1009180 1614
1009190 1615
1009200 1616
1009210 1617
1009220 1618
1009230 1619
1009240 1620
1009250 1621
1009260 1622
1009270 1623
1009280 1624
1009290 1625
1009300 1626
1009310 1627
1009320 1628
1009330 1629
1009340 1630
1009350 1631
1009360 1632
1009370 1633
1009380 1634
1009390 1635
1009400 1636
1009410 1637
1009420 1638
1009430 1639
1009440 1640
1009450 1641
1009460 1642
1009470 1643
1009480 1644
1009490 1645
1009500 1646
1009510 1647
1009520 1648
1009530 1649
1009540 1650
1009550 1651
1009560 1652
1009570 1653
1009580 1654
1009590 1655
1009600 1656
1009610 1657
1009620 1658
1009630 1659
1009640 1660
1009650 1661
1009660 1662
1009670 1663
1009680 1664
1009690 1665
1009700 1666
1009710 1667
1009720 1668
1009730 1669
1009740 1670
1009750 1671
1009760 1672
1009770 1673
1009780 1674
1009790 1675
1009800 1676
1009810 1677
1009820 1678
1009830 1679
1009840 1680
1009850 1681
1009860 1682
1009870 1683
1009880 1684
1009890 1685
1009900 1686
1009910 1687
1009920 1688
1009930 1689
1009940 1690
1009950 1691
1009960 1692
1009970 1693
1009980 1694
1009990 1695
1010000 1696
1010010 1697
1010020 1698
1010030 1699
1010040 1700
1010050 1701
1010060 1702
1010070 1703
1010080 1704
1010090 1705
1010100 1706
1010110 1707
1010120 1708
1010130 1709
1010140 1710
1010150 1711
1010160 1712
1010170 1713
1010180 1714
1010190 1715
1010200 1716
1010210 1717
1010220 1718
1010230 1719
1010240 1720
1010250 1721
1010260 1722
1010270 1723
1010280 1724
1010290 1725
1010300 1726
1010310 1727
1010320 1728
1010330 1729
1010340 1730
1010350 1731
1010360 1732
1010370 1733
1010380 1734
1010390 1735
1010400 1736
1010410 1737
1010420 1738
1010430 1739
1010440 1740
1010450 1741
1010460 1742
1010470 1743
1010480 1744
1010490 1745
1010500 1746
1010510 1747
1010520 1748
1010530 1749
1010540 1750
1010550 1751
1010560 1752
1010570 1753
1010580 1754
1010590 1755
1010600 1756
1010610 1757
1010620 1758
1010630 1759
1010640 1760
1010650 1761
1010660 1762
1010670 1763
1010680 1764
1010690 1765
1010700 1766
1010710 1767
1010720 1768
1010730 1769
1010740 1770
1010750 1771
1010760 1772
1010770 1773
1010780 1774
1010790 1775
1010800 1776
1010810 1777
1010820 1778
1010830 1779
1010840 1780
1010850 1781
1010860 1782
1010870 1783
1010880 1784
1010890 1785
1010900 1786
1010910 1787
1010920 1788
1010930 1789
1010940 1790
1010950 1791
1010960 1792
1010970 1793
1010980 1794
1010990 1795
1011000 1796
1011010 1797
1011020 1798
1011030 1799
1011040 1800
1011050 1801
1011060 1802
1011070 1803
1011080 1804
1011090 1805
1011100 1806
1011110 1807
1011120 1808
1011130 1809
1011140 1810
1011150 1811
1011160 1812
1011170 1813
1011180 1814
1011190 1815
1011200 1816
1011210 1817
1011220 1818
1011230 1819
1011240 1820
1011250 1821
1011260 1822
1011270 1823
1011280 1824
1011290 1825
1011300 1826
1011310 1827
1011320 1828
1011330 1829
1011340 1830
1011350 1831
1011360 1832
1011370 1833
1011380 1834
1011390 1835
1011400 1836
1011410 1837
1011420 1838
1011430 1839
1011440 1840
1011450 1841
1011460 1842
1011470 1843
1011480 1844
1011490 1845
1011500 1846
1011510 1847
1011520 1848
1011530 1849
1011540 1850
1011550 1851
1011560 1852
1011570 1853
1011580 1854
1011590 1855
1011600 1856
1011610 1857
1011620 1858
1011630 1859
1011640 1860
1011650 1861
1011660 1862
1011670 1863
1011680 1864
1011690 1865
1011700 1866
1011710 1867
1011720 1868
1011730 1869
1011740 1870
1011750 1871
1011760 1872
1011770 1873
1011780 1874
1011790 1875
1011800 1876
1011810 1877
1011820 1878
1011830 1879
1011840 1880
1011850 1881
1011860 1882
1011870 1883
1011880 1884
1011890 1885
1011900 1886
1011910 1887
1011920 1888
1011930 1889
1011940 1890
1011950 1891
1011960 1892
1011970 1893
1011980 1894
1011990 1895
1012000 1896
1012010 1897
1012020 1898
1012030 1899
1012040 1900
1012050 1901
1012060 1902
1012070 1903
1012080 1904
1012090 1905
1012100 1906
1012110 1907
1012120 1908
1012130 1909
1012140 1910
1012150 1911
1012160 1912
1012170 1913
1012180 1914
1012190 1915
1012200 1916
1012210 1917
1012220 1918
1012230 1919
1012240 1920
1012250 1921
1012260 1922
1012270 1923
1012280 1924
1012290 1925
1012300 1926
1012310 1927
1012320 1928
1012330 1929
1012340 1930
1012350 1931
1012360 1932
1012370 1933
1012380 1934
1012390 1935
1012400 1936
1012410 1937
1012420 1938
1012430 1939
1012440 1940
1012450 1941
1012460 1942
1012470 1943
1012480 1944
1012490 1945
1012500 1946
1012510 1947
1012520 1948
1012530 1949
1012540 1950
1012550 1951
1012560 1952
1012570 1953
1012580 1954
1012590 1955
1012600 1956
1012610 1957
1012620 1958
1012630 1959
1012640 1960
1012650 1961
1012660 1962
1012670 1963
1012680 1964
1012690 1965
1012700 1966
1012710 1967
1012720 1968
1012730 1969
1012740 1970
1012750 1971
1012760 1972
1012770 1973
1012780 1974
1012790 1975
1012800 1976
1012810 1977
1012820 1978
1012830 1979
1012840 1980
1012850 1981
1012860 1982
1012870 1983
1012880 1984
1012890 1985
1012900 1986
1012910 1987
1012920 1988
1012930 1989
1012940 1990
1012950 1991
1012960 1992
1012970 1993
1012980 1994
1012990 1995
1013000 1996
1013010 1997
1013020 1998
1013030 1999
1013040 2000
1013050 2001
1013060 2002
1013070 2003
1013080 2004
1013090 2005
1013100 2006
1013110 2007
1013120 2008
1013130 2009
1013140 2010
1013150 2011
1013160 2012
1013170 2013
1013180 2014
1013190 2015
1013200 2016
1013210 2017
1013220 2018
1013230 2019
1013240 2020
1013250 2021
1013260 2022
1013270 2023
1013280 2024
1013290 2025
1013300 2026
1013310 2027
1013320 2028
1013330 2029
1013340 2030
1013350 2031
1013360 2032
1013370 2033
1013380 2034
1013390 2035
1013400 2036
1013410 2037
1013420 2038
1013430 2039
1013440 2040
1013450 2041
1013460 2042
1013470 2043
1013480 2044
1013490 2045
1013500 2046
1013510 2047
1013520 2048
1013530 2049
1013540 2050
1013550 2051
1013560 2052
1013570 2053
1013580 2054
1013590 2055
1013600 2056
1013610 2057
1013620 2058
1013630 2059
1013640 2060
1013650 2061
1013660 2062
1013670 2063
1013680 2064
1013690 2065
1013700 2066
1013710 2067
1013720 2068
1013730 2069
1013740 2070
1013750 2071
1013760 2072
1013770 2073
1013780 2074
1013790 2075
1013800 2076
1013810 2077
1013820 2078
1013830 2079
1013840 2080
1013850 2081
1013860 2082
1013870 2083
1013880 2084
1013890 2085
1013900 2086
1013910 2087
1013920 2088
1013930 2089
1013940 2090
1013950 2091
1013960 2092
1013970 2093
1013980 2094
1013990 2095
1014000 2096
1014010 2097
1014020 2098
1014030 2099
1014040 2100
1014050 2101
1014060 2102
1014070 2103
1014080 2104
1014090 2105
1014100 2106
1014110 2107
1014120 2108
1014130 2109
1014140 2110
1014150 2111
1014160 2112
1014170 2113
1014180 2114
1014190 2115
1014200 2116
1014210 2117
1014220 2118
1014230 2119
1014240 2120
1014250 2121
1014260 2122
1014270 2123
1014280 2124
1014290 2125
1014300 2126
1014310 2127
1014320 2128
1014330 2129
1014340 2130
1014350 2131
1014360 2132
1014370 2133
1014380 2134
1014390 2135
1014400 2136
1014410 2137
1014420 2138
1014430 2139
1014440 2140
1014450 2141
1014460 2142
1014470 2143
1014480 2144
1014490 2145
1014500 2146
1014510 2147
1014520 2148
1014530 2149
1014540 2150
1014550 2151
1014560 2152
1014570 2153
1014580 2154
1014590 2155
1014600 2156
1014610 2157
1014620 2158
1014630 2159
1014640 2160
1014650 2161
1014660 2162
1014670 2163
1014680 2164
1014690 2165
1014700 2166
1014710 2167
1014720 2168
1014730 2169
1014740 2170
1014750 2171
1014760 2172
1014770 2173
1014780 2174
1014790 2175
1014800 2176
1014810 2177
1014820 2178
1014830 2179
1014840 2180
1014850 2181
1014860 2182
1014870 2183
1014880 2184
1014890 2185
1014900 2186
1014910 2187
1014920 2188
1014930 2189
1014940 2190
1014950 2191
1014960 2192
1014970 2193
1014980 2194
1014990 2195
1015000 2196
1015010 2197
1015020 2198
1015030 2199
1015040 2200
1015050 2201
1015060 2202
1015070 2203
1015080 2204
1015090 2205
1015100 2206
1015110 2207
1015120 2208
1015130 2209
1015140 2210
1015150 2211
1015160 2212
1015170 2213
1015180 2214
1015190 2215
1015200 2216
1015210 2217
1015220 2218
1015230 2219
1015240 2220
1015250 2221
1015260 2222
1015270 2223
1015280 2224
1015290 2225
1015300 2226
1015310 2227
1015320 2228
1015330 2229
1015340 2230
1015350 2231
1015360 2232
1015370 2233
1015380 2234
1015390 2235
1015400 2236
1015410 2237
1015420 2238
1015430 2239
1015440 2240
1015450 2241
1015460 2242
1015470 2243
1015480 2244
1015490 2245
1015500 2246
1015510 2247
1015520 2248
1015530 2249
1015540 2250
1015550 2251
1015560 2252
1015570 2253
1015580 2254
1015590 2255
1015600 2256
1015610 2257
1015620 2258
1015630 2259
1015640 2260
1015650 2261
1015660 2262
1015670 2263
1015680 2264
1015690 2265
1015700 2266
1015710 2267
1015720 2268
1015730 2269
1015740 2270
1015750 2271
1015760 2272
1015770 2273
1015780 2274
1015790 2275
1015800 2276
1015810 2277
1015820 2278
1015830 2279
1015840 2280
1015850 2281
1015860 2282
1015870 2283
1015880 2284
1015890 2285
1015900 2286
1015910 2287
1015920 2288
1015930 2289
1015940 2290
1015950 2291
1015960 2292
1015970 2293
1015980 2294
1015990 2295
1016000 2296
1016010 2297
1016020 2298
1016030 2299
1016040 2300
1016050 2301
1016060 2302
1016070 2303
1016080 2304
1016090 2305
1016100 2306
1016110 2307
1016120 2308
1016130 2309
1016140 2310
1016150 2311
1016160 2312
1016170 2313
1016180 2314
1016190 2315
1016200 2316
1016210 2317
1016220 2318
1016230 2319
1016240 2320
1016250 2321
1016260 2322
1016270 2323
1016280 2324
1016290 2325
1016300 2326
1016310 2327
1016320 2328
1016330 2329
1016340 2330
1016350 2331
1016360 2332
1016370 2333
1016380 2334
1016390 2335
1016400 2336
1016410 2337
1016420 2338
1016430 2339
1016440 2340
1016450 2341
1016460 2342
1016470 2343
1016480 2344
1016490 2345
1016500 2346
1016510 2347
1016520 2348
1016530 2349
1016540 2350
1016550 2351
1016560 2352
1016570 2353
1016580 2354
1016590 2355
1016600 2356
1016610 2357
1016620 2358
1016630 2359
1016640 2360
1016650 2361
1016660 2362
1016670 2363
1016680 2364
1016690 2365
1016700 2366
1016710 2367
1016720 2368
1016730 2369
1016740 2370
1016750 2371
1016760 2372
1016770 2373
1016780 2374
1016790 2375
1016800 2376
1016810 2377
1016820 2378
1016830 2379
1016840 2380
1016850 2381
1016860 2382
1016870 2383
1016880 2384
1016890 2385
1016900 2386
1016910 2387
1016920 2388
1016930 2389
1016940 2390
1016950 2391
1016960 2392
1016970 2393
1016980 2394
1016990 2395
1017000 2396
1017010 2397
1017020 2398
1017030 2399
1017040 2400
1017050 2401
1017060 2402
1017070 2403
1017080 2404
1017090 2405
1017100 2406
1017110 2407
1017120 2408
1017130 2409
1017140 2410
1017150 2411
1017160 2412
1017170 2413
1017180 2414
1017190 2415
1017200 2416
1017210 2417
1017220 2418
1017230 2419
1017240 2420
1017250 2421
1017260 2422
1017270 2423
1017280 2424
1017290 2425
1017300 2426
1017310 2427
1017320 2428
1017330 2429
1017340 2430
1017350 2431
1017360 2432
1017370 2433
1017380 2434
1017390 2435
1017400 2436
1017410 2437
1017420 2438
1017430 2439
1017440 2440
1017450 2441
1017460 2442
1017470 2443
1017480 2444
1017490 2445
1017500 2446
1017510 2447
1017520 2448
1017530 2449
1017540 2450
1017550 2451
1017560 2452
1017570 2453
1017580 2454
1017590 2455
1017600 2456
1017610 2457
1017620 2458
1017630 2459
1017640 2460
1017650 2461
1017660 2462
1017670 2463
1017680 2464
1017690 2465
1017700 2466
1017710 2467
1017720 2468
1017730 2469
1017740 2470
1017750 2471
1017760 2472
1017770 2473
1017780 2474
1017790 2475
1017800 2476
1017810 2477
1017820 2478
1017830 2479
1017840 2480
1017850 2481
1017860 2482
1017870 2483
1017880 2484
1017890 2485
1017900 2486
1017910 2487
1017920 2488
1017930 2489
1017940 2490
1017950 2491
1017960 2492
1017970 2493
1017980 2494
1017990 2495
1018000 2496
1018010 2497
1018020 2498
1018030 2499
1018040 2500
1018050 2501
1018060 2502
1018070 2503
1018080 2504
1018090 2505
1018100 2506
1018110 2507
1018120 2508
1018130 2509
1018140 2510
1018150 2511
1018160 2512
1018170 2513
1018180 2514
1018190 2515
1018200 2516
1018210 2517
1018220 2518
1018230 2519
1018240 2520
1018250 2521
1018260 2522
1018270 2523
1018280 2524
1018290 2525
1018300 2526
1018310 2527
1018320 2528
1018330 2529
1018340 2530
1018350 2531
1018360 2532
1018370 2533
1018380 2534
1018390 2535
1018400 2536
1018410 2537
1018420 2538
1018430 2539
1018440 2540
1018450 2541
1018460 2542
1018470 2543
1018480 2544
1018490 2545
1018500 2546
1018510 2547
1018520 2548
1018530 2549
1018540 2550
1018550 2551
1018560 2552
1018570 2553
1018580 2554
1018590 2555
1018600 2556
1018610 2557
1018620 2558
1018630 2559
1018640 2560
1018650 2561
1018660 2562
1018670 2563
1018680 2564
1018690 2565
1018700 2566
1018710 2567
1018720 2568
1018730 2569
1018740 2570
1018750 2571
1018760 2572
1018770 2573
1018780 2574
1018790 2575
1018800 2576
1018810 2577
1018820 2578
1018830 2579
1018840 2580
1018850 2581
1018860 2582
1018870 2583
1018880 2584
1018890 2585
1018900 2586
1018910 2587
1018920 2588
1018930 2589
1018940 2590
1018950 2591
1018960 2592
1018970 2593
1018980 2594
1018990 2595
1019000 2596
1019010 2597
1019020 2598
1019030 2599
1019040 2600
1019050 2601
1019060 2602
1019070 2603
1019080 2604
1019090 2605
1019100 2606
1019110 2607
1019120 2608
1019130 2609
1019140 2610
1019150 2611
1019160 2612
1019170 2613
1019180 2614
1019190 2615
1019200 2616
1019210 2617
1019220 2618
1019230 2619
1019240 2620
1019250 2621
1019260 2622
1019270 2623
1019280 2624
1019290 2625
1019300 2626
1019310 2627
1019320 2628
1019330 2629
1019340 2630
1019350 2631
1019360 2632
1019370 2633
1019380 2634
1019390 2635
1019400 2636
1019410 2637
1019420 2638
1019430 2639
1019440 2640
1019450 2641
1019460 2642
1019470 2643
1019480 2644
1019490 2645
1019500 2646
1019510 2647
1019520 2648
1019530 2649
1019540 2650
1019550 2651
1019560 2652
1019570 2653
1019580 2654
1019590 2655
1019600 2656
1019610 2657
1019620 2658
1019630 2659
1019640 2660
1019650 2661
1019660 2662
1019670 2663
1019680 2664
1019690 2665
1019700 2666
1019710 2667
1019720 2668
1019730 2669
1019740 2670
1019750 2671
1019760 2672
1019770 2673
1019780 2674
1019790 2675
1019800 2676
1019810 2677
1019820 2678
1019830 2679
1019840 2680
1019850 2681
1019860 2682
1019870 2683
1019880 2684
1019890 2685
1019900 2686
1019910 2687
1019920 2688
1019930 2689
1019940 2690
1019950 2691
1019960 2692
1019970 2693
1019980 2694
1019990 2695
1020000 2696
1020010 2697
1020020 2698
1020030 2699
1020040 2700
1020050 2701
1020060 2702
1020070 2703
1020080 2704
1020090 2705
1020100 2706
1020110 2707
1020120 2708
1020130 2709
1020140 2710
1020150 2711
1020160 2712
1020170 2713
1020180 2714
1020190 2715
1020200 2716
1020210 2717
1020220 2718
1020230 2719
1020240 2720
1020250 2721
1020260 2722
1020270 2723
1020280 2724
1020290 2725
1020300 2726
1020310 2727
1020320 2728
1020330 2729
1020340 2730
1020350 2731
1020360 2732
1020370 2733
1020380 2734
1020390 2735
1020400 2736
1020410 2737
1020420 2738
1020430 2739
1020440 2740
1020450 2741
1020460 2742
1020470 2743
1020480 2744
1020490 2745
1020500 2746
1020510 2747
1020520 2748
1020530 2749
1020540 2750
1020550 2751
1020560 2752
1020570 2753
1020580 2754
1020590 2755
1020600 2756
1020610 2757
1020620 2758
1020630 2759
1020640 2760
1020650 2761
1020660 2762
1020670 2763
1020680 2764
1020690 2765
1020700 2766
1020710 2767
1020720 2768
1020730 2769
1020740 2770
1020750 2771
1020760 2772
1020770 2773
1020780 2774
1020790 2775
1020800 2776
1020810 2777
1020820 2778
1020830 2779
1020840 2780
1020850 2781
1020860 2782
1020870 2783
1020880 2784
1020890 2785
1020900 2786
1020910 2787
1020920 2788
1020930 2789
1020940 2790
1020950 2791
1020960 2792
1020970 2793
1020980 2794
1020990 2795
1021000 2796
1021010 2797
1021020 2798
1021030 2799
1021040 2800
1021050 2801
1021060 2802
1021070 2803
1021080 2804
1021090 2805
1021100 2806
1021110 2807
1021120 2808
1021130 2809
1021140 2810
1021150 2811
1021160 2812
1021170 2813
1021180 2814
1021190 2815
1021200 2816
1021210 2817
1021220 2818
1021230 2819
1021240 2820
1021250 2821
1021260 2822
1021270 2823
1021280 2824
1021290 2825
1021300 2826
1021310 2827
1021320 2828
1021330 2829
1021340 2830
1021350 2831
1021360 2832
1021370 2833
1021380 2834
1021390 2835
1021400 2836
1021410 2837
1021420 2838
1021430 2839
1021440 2840
1021450 2841
1021460 2842
1021470 2843
1021480 2844
1021490 2845
1021500 2846
1021510 2847
1021520 2848
1021530 2849
1021540 2850
1021550 2851
1021560 2852
1021570 2853
1021580 2854
1021590 2855
1021600 2856
1021610 2857
1021620 2858
1021630 2859
1021640 2860
1021650 2861
1021660 2862
1021670 2863
1021680 2864
1021690 2865
1021700 2866
1021710 2867
1021720 2868
1021730 2869
1021740 2870
1021750 2871
1021760 2872
1021770 2873
1021780 2874
1021790 2875
1021800 2876
1021810 2877
1021820 2878
1021830 2879
1021840 2880
1021850 2881
1021860 2882
1021870 2883
1021880 2884
1021890 2885
1021900 2886
1021910 2887
1021920 2888
1021930 2889
1021940 2890
1021950 2891
1021960 2892
1021970 2893
1021980 2894
1021990 2895
1022000 2896
1022010 2897
1022020 2898
1022030 2899
1022040 2900
1022050 2901
1022060 2902
1022070 2903
1022080 2904
1022090 2905
1022100 2906
1022110 2907
1022120 2908
1022130 2909
1022140 2910
1022150 2911
1022160 2912
1022170 2913
1022180 2914
1022190 2915
1022200 2916
1022210 2917
1022220 2918
1022230 2919
1022240 2920
1022250 2921
1022260 2922
1022270 2923
1022280 2924
1022290 2925
1022300 2926
1022310 2927
1022320 2928
1022330 2929
1022340 2930
1022350 2931
1022360 2932
1022370 2933
1022380 2934
1022390 2935
1022400 2936
1022410 2937
1022420 2938
1022430 2939
1022440 2940
1022450 2941
1022460 2942
1022470 2943
1022480 2944
1022490 2945
1022500 2946
1022510 2947
1022520 2948
1022530 2949
1022540 2950
1022550 2951
1022560 2952
1022570 2953
1022580 2954
1022590 2955
1022600 2956
1022610 2957
1022620 2958
1022630 2959
1022640 2960
1022650 2961
1022660 2962
1022670 2963
1022680 2964
1022690 2965
1022700 2966
1022710 2967
1022720 2968
1022730 2969
1022740 2970
1022750 2971
1022760 2972
1022770 2973
1022780 2974
1022790 2975
1022800 2976
1022810 2977
1022820 2978
1022830 2979
1022840 2980
1022850 2981
1022860 2982
1022870 2983
1022880 2984
1022890 2985
1022900 2986
1022910 2987
1022920 2988
1022930 2989
1022940 2990
1022950 2991
1022960 2992
1022970 2993
1022980 2994
1022990 2995
1023000 2996
1023010 2997
1023020 2998
1023030 2999
1023040 3000
1023050 3001
1023060 3002
1023070 3003
1023080 3004
1023090 3005
1023100 3006
1023110 3007
1023120 3008
1023130 3009
1023140 3010
1023150 3011
1023160 3012
1023170 3013
1023180 3014
1023190 3015
1023200 3016
1023210 3017
1023220 3018
1023230 3019
1023240 3020
1023250 3021
1023260 3022
1023270 3023
1023280 3024
1023290 3025
1023300 3026
1023310 3027
1023320 3028
1023330 3029
1023340 3030
1023350 3031
1023360 3032
1023370 3033
1023380 3034
1023390 3035
1023400 3036
1023410 3037
1023420 3038
1023430 3039
1023440 3040
1023450 3041
1023460 3042
1023470 3043
1023480 3044
1023490 3045
1023500 3046
1023510 3047
1023520 3048
1023530 3049
1023540 3050
1023550 3051
1023560 3052
1023570 3053
1023580 3054
1023590 3055
1023600 3056
1023610 3057
1023620 3058
1023630 3059
1023640 3060
1023650 3061
1023660 3062
1023670 3063
1023680 3064
1023690 3065
1023700 3066
1023710 3067
1023720 3068
1023730 3069
1023740 3070
1023750 3071
1023760 3072
1023770 3073
1023780 3074
1023790 3075
1023800 3076
1023810 3077
1023820 3078
1023830 3079
1023840 3080
1023850 3081
1023860 3082
1023870 3083
1023880 3084
1023890 3085
1023900 3086
1023910 3087
1023920 3088
1023930 3089
1023940 3090
1023950 3091
1023960 3092
1023970 3093
1023980 3094
1023990 3095
1024000 3096
1024010 3097
1024020 3098
1024030 3099
1024040 3100
1024050 3101
1024060 3102
1024070 3103
1024080 3104
1024090 3105
1024100 3106
1024110 3107
1024120 3108
1024130 3109
1024140 3110
1024150 3111
1024160 3112
1024170 3113
1024180 3114
1024190 3115
1024200 3116
1024210 3117
1024220 3118
1024230 3119
1024240 3120
1024250 3121
1024260 3122
1024270 3123
1024280 3124
1024290 3125
1024300 3126
1024310 3127
1024320 3128
1024330 3129
1024340 3130
1024350 3131
1024360 3132
1024370 3133
1024380 3134
1024390 3135
1024400 3136
1024410 3137
1024420 3138
1024430 3139
1024440 3140
1024450 3141
1024460 3142
1024470 3143
1024480 3144
1024490 3145
1024500 3146
1024510 3147
1024520 3148
1024530 3149
1024540 3150
1024550 3151
1024560 3152
1024570 3153
1024580 3154
1024590 3155
1024600 3156
1024610 3157
1024620 3158
1024630 3159
1024640 3160
1024650 3161
1024660 3162
1024670 3163
1024680 3164
1024690 3165
1024700 3166
1024710 3167
1024720 3168
1024730 3169
1024740 3170
1024750 3171
1024760 3172
1024770 3173
1024780 3174
1024790 3175
1024800 3176
1024810 3177
1024820 3178
1024830 3179
1024840 3180
1024850 3181
1024860 3182
1024870 3183
1024880 3184
1024890 3185
1024900 3186
1024910 3187
1024920 3188
1024930 3189
1024940 3190
1024950 3191
1024960 3192
1024970 3193
1024980 3194
1024990 3195
1025000 3196
1025010 3197
1025020 3198
1025030 3199
1025040 3200
1025050 3201
1025060 3202
1025070 3203
1025080 3204
1025090 3205
1025100 3206
1025110 3207
1025120 3208
1025130 3209
1025140 3210
1025150 3211
1025160 3212
1025170 3213
1025180 3214
1025190 3215
1025200 3216
1025210 3217
1025220 3218
1025230 3219
1025240 3220
1025250 3221
1025260 3222
1025270 3223
1025280 3224
1025290 3225
1025300 3226
1025310 3227
1025320 3228
1025330 3229
1025340 3230
1025350 3231
1025360 3232
1025370 3233
1025380 3234
1025390 3235
1025400 3236
1025410 3237
1025420 3238
1025430 3239
1025440 3240
1025450 3241
1025460 3242
1025470 3243
1025480 3244
1025490 3245
1025500 3246
1025510 3247
1025520 3248
1025530 3249
1025540 3250
1025550 3251
1025560 3252
1025570 3253
1025580 3254
1025590 3255
1025600 3256
1025610 3257
1025620 3258
1025630 3259
1025640 3260
1025650 3261
1025660 3262
1025670 3263
1025680 3264
1025690 3265
1025700 3266
1025710 3267
1025720 3268
1025730 3269
1025740 3270
1025750 3271
1025760 3272
1025770 3273
1025780 3274
1025790 3275
1025800 3276
1025810 3277
1025820 3278
1025830 3279
1025840 3280
1025850 3281
1025860 3282
1025870 3283
1025880 3284
1025890 3285
1025900 3286
1025910 3287
1025920 3288
1025930 3289
1025940 3290
1025950 3291
1025960 3292
1025970 3293
1025980 3294
1025990 3295
1026000 3296
1026010 3297
1026020 3298
1026030 3299
1026040 3300
1026050 3301
1026060 3302
1026070 3303
1026080 3304
1026090 3305
1026100 3306
1026110 3307
1026120 3308
1026130 3309
1026140 3310
1026150 3311
1026160 3312
1026170 3313
1026180 3314
1026190 3315
1026200 3316
1026210 3317
1026220 3318
1026230 3319
1026240 3320
1026250 3321
1026260 3322
1026270 3323
1026280 3324
1026290 3325
1026300 3326
1026310 3327
1026320 3328
1026330 3329
1026340 3330
1026350 3331
1026360 3332
1026370 3333
1026380 3334
1026390 3335
1026400 3336
1026410 3337
1026420 3338
1026430 3339
1026440 3340
1026450 3341
1026460 3342
1026470 3343
1026480 3344
1026490 3345
1026500 3346
1026510 3347
1026520 3348
1026530 3349
1026540 3350
1026550 3351
1026560 3352
1026570 3353
1026580 3354
1026590 3355
1026600 3356
1026610 3357
1026620 3358
1026630 3359
1026640 3360
1026650 3361
1026660 3362
1026670 3363
1026680 3364
1026690 3365
1026700 3366
1026710 3367
1026720 3368
1026730 3369
1026740 3370
1026750 3371
1026760 3372
1026770 3373
1026780 3374
1026790 3375
1026800 3376
1026810 3377
1026820 3378
1026830 3379
1026840 3380
1026850 3381
1026860 3382
1026870 3383
1026880 3384
1026890 3385
1026900 3386
1026910 3387
1026920 3388
1026930 3389
1026940 3390
1026950 3391
1026960 3392
1026970 3393
1026980 3394
1026990 3395
1027000 3396
1027010 3397
1027020 3398
1027030 3399
1027040 3400
1027050 3401
1027060 3402
1027070 3403
1027080 3404
1027090 3405
1027100 3406
1027110 3407
1027120 3408
1027130 3409
1027140 3410
1027150 3411
1027160 3412
1027170 3413
1027180 3414
1027190 3415
1027200 3416
1027210 3417
1027220 3418
1027230 3419
1027240 3420
1027250 3421
1027260 3422
1027270 3423
1027280 3424
1027290 3425
1027300 3426
1027310 3427
1027320 3428
1027330 3429
1027340 3430
1027350 3431
1027360 3432
1027370 3433
1027380 3434
1027390 3435
1027400 3436
1027410 3437
1027420 3438
1027430 3439
1027440 3440
1027450 3441
1027460 3442
1027470 3443
1027480 3444
1027490 3445
1027500 3446
1027510 3447
1027520 3448
1027530 3449
1027540 3450
1027550 3451
1027560 3452
1027570 3453
1027580 3454
1027590 3455
1027600 3456
1027610 3457
1027620 3458
1027630 3459
1027640 3460
1027650 3461
1027660 3462
1027670 3463
1027680 3464
1027690 3465
1027700 3466
1027710 3467
1027720 3468
1027730 3469
1027740 3470
1027750 3471
1027760 3472
1027770 3473
1027780 3474
1027790 3475
1027800 3476
1027810 3477
1027820 3478
1027830 3479
1027840 3480
1027850 3481
1027860 3482
1027870 3483
1027880 3484
1027890 3485
1027900 3486
1027910 3487
1027920 3488
1027930 3489
1027940 3490
1027950 3491
1027960 3492
1027970 3493
1027980 3494
1027990 3495
1028000 3496
1028010 3497
1028020 3498
1028030 3499
1028040 3500
1028050 3501
1028060 3502
1028070 3503
1028080 3504
1028090 3505
1028100 3506
1028110 3507
1028120 3508
1028130 3509
1028140 3510
1028150 3511
1028160 3512
1028170 3513
1028180 3514
1028190 3515
1028200 3516
1028210 3517
1028220 3518
1028230 3519
1028240 3520
1028250 3521
1028260 3522
1028270 3523
1028280 3524
1028290 3525
1028300 3526
1028310 3527
1028320 3528
1028330 3529
1028340 3530
1028350 3531
1028360 3532
1028370 3533
1028380 3534
1028390 3535
1028400 3536
1028410 3537
1028420 3538
1028430 3539
1028440 3540
1028450 3541
1028460 3542
1028470 3543
1028480 3544
1028490 3545
1028500 3546
1028510 3547
1028520 3548
1028530 3549
1028540 3550
1028550 3551
1028560 3552
1028570 3553
1028580 3554
1028590 3555
1028600 3556
1028610 3557
1028620 3558
1028630 3559
1028640 3560
1028650 3561
1028660 3562
1028670 3563
1028680 3564
1028690 3565
1028700 3566
1028710 3567
1028720 3568
1028730 3569
1028740 3570
1028750 3571
1028760 3572
1028770 3573
1028780 3574
1028790 3575
1028800 3576
1028810 3577
1028820 3578
1028830 3579
1028840 3580
1028850 3581
1028860 3582
1028870 3583
1028880 3584
1028890 3585
1028900 3586
1028910 3587
1028920 3588
1028930 3589
1028940 3590
1028950 3591
1028960 3592
1028970 3593
1028980 3594
1028990 3595
1029000 3596
1029010 3597
1029020 3598
1029030 3599
1029040 3600
1029050 3601
1029060 3602
1029070 3603
1029080 3604
1029090 3605
1029100 3606
1029110 3607
1029120 3608
1029130 3609
1029140 3610
1029150 3611
1029160 3612
1029170 3613
1029180 3614
1029190 3615
1029200 3616
1029210 3617
1029220 3618
1029230 3619
1029240 3620
1029250 3621
1029260 3622
1029270 3623
1029280 3624
1029290 3625
1029300 3626
1029310 3627
1029320 3628
1029330 3629
1029340 3630
1029350 3631
1029360 3632
1029370 3633
1029380 3634
1029390 3635
1029400 3636
1029410 3637
1029420 3638
1029430 3639
1029440 3640
1029450 3641
1029460 3642
1029470 3643
1029480 3644
1029490 3645
1029500 3646
1029510 3647
1029520 3648
1029530 3649
1029540 3650
1029550 3651
1029560 3652
1029570 3653
1029580 3654
1029590 3655
1029600 3656
1029610 3657
1029620 3658
1029630 3659
1029640 3660
1029650 3661
1029660 3662
1029670 3663
1029680 3664
1029690 3665
1029700 3666
1029710 3667
1029720 3668
1029730 3669
1029740 3670
1029750 3671
1029760 3672
1029770 3673
1029780 3674
1029790 3675
1029800 3676
1029810 3677
1029820 3678
1029830 3679
1029840 3680
1029850 3681
1029860 3682
1029870 3683
1029880 3684
1029890 3685
1029900 3686
1029910 3687
1029920 3688
1029930 3689
1029940 3690
1029950 3691
1029960 3692
1029970 3693
1029980 3694
1029990 3695
1030000 3696
1030010 3697
1030020 3698
1030030 3699
1030040 3700
1030050 3701
1030060 3702
1030070 3703
1030080 3704
1030090 3705
1030100 3706
1030110 3707
1030120 3708
1030130 3709
1030140 3710
1030150 3711
1030160 3712
1030170 3713
1030180 3714
1030190 3715
1030200 3716
1030210 3717
1030220 3718
1030230 3719
1030240 3720
1030250 3721
1030260 3722
1030270 3723
1030280 3724
1030290 3725
1030300 3726
1030310 3727
1030320 3728
1030330 3729
1030340 3730
1030350 3731
1030360 3732
1030370 3733
1030380 3734
1030390 3735
1030400 3736
1030410 3737
1030420 3738
1030430 3739
1030440 3740
1030450 3741
1030460 3742
1030470 3743
1030480 3744
1030490 3745
1030500 3746
1030510 3747
1030520 3748
1030530 3749
1030540 3750
1030550 3751
1030560 3752
1030570 3753
1030580 3754
1030590 3755
1030600 3756
1030610 3757
1030620 3758
1030630 3759
1030640 3760
1030650 3761
1030660 3762
1030670 3763
1030680 3764
1030690 3765
1030700 3766
1030710 3767
1030720 3768
1030730 3769
1030740 3770
1030750 3771
1030760 3772
1030770 3773
1030780 3774
1030790 3775
1030800 3776
1030810 3777
1030820 3778
1030830 3779
1030840 3780
1030850 3781
1030860 3782
1030870 3783
1030880 3784
1030890 3785
1030900 3786
1030910 3787
1030920 3788
1030930 3789
1030940 3790
1030950 3791
1030960 3792
1030970 3793
1030980 3794
1030990 3795
1031000 3796
1031010 3797
1031020 3798
1031030 3799
1031040 3800
1031050 3801
1031060 3802
1031070 3803
1031080 3804
1031090 3805
1031100 3806
1031110 3807
1031120 3808
1031130 3809
1031140 3810
1031150 3811
1031160 3812
1031170 3813
1031180 3814
1031190 3815
1031200 3816
1031210 3817
1031220 3818
1031230 3819
1031240 3820
1031250 3821
1031260 3822
1031270 3823
1031280 3824
1031290 3825
1031300 3826
1031310 3827
1031320 3828
1031330 3829
1031340 3830
1031350 3831
1031360 3832
1031370 3833
1031380 3834
1031390 3835
1031400 3836
1031410 3837
1031420 3838
1031430 3839
1031440 3840
1031450 3841
1031460 3842
1031470 3843
1031480 3844
1031490 3845
1031500 3846
1031510 3847
1031520 3848
1031530 3849
1031540 3850
1031550 3851
1031560 3852
1031570 3853
1031580 3854
1031590 3855
1031600 3856
1031610 3857
1031620 3858
1031630 3859
1031640 3860
1031650 3861
1031660 3862
1031670 3863
1031680 3864
1031690 3865
1031700 3866
1031710 3867
1031720 3868
1031730 3869
1031740 3870
1031750 3871
1031760 3872
1031770 3873
1031780 3874
1031790 3875
1031800 3876
1031810 3877
1031820 3878
1031830 3879
1031840 3880
1031850 3881
1031860 3882
1031870 3883
1031880 3884
1031890 3885
1031900 3886
1031910 3887
1031920 3888
1031930 3889
1031940 3890
1031950 3891
1031960 3892
1031970 3893
1031980 3894
1031990 3895
1032000 3896
1032010 3897
1032020 3898
1032030 3899
1032040 3900
1032050 3901
1032060 3902
1032070 3903
1032080 3904
1032090 3905
1032100 3906
1032110 3907
1032120 3908
1032130 3909
1032140 3910
1032150 3911
1032160 3912
1032170 3913
1032180 3914
1032190 3915
1032200 3916
1032210 3917
1032220 3918
1032230 3919
1032240 3920
1032250 3921
1032260 3922
1032270 3923
1032280 3924
1032290 3925
1032300 3926
1032310 3927
1032320 3928
1032330 3929
1032340 3930
1032350 3931
1032360 3932
1032370 3933
1032380 3934
1032390 3935
1032400 3936
1032410 3937
1032420 3938
1032430 3939
1032440 3940
1032450 3941
1032460 3942
1032470 3943
1032480 3944
1032490 3945
1032500 3946
1032510 3947
1032520 3948
1032530 3949
1032540 3950
1032550 3951
1032560 3952
1032570 3953
1032580 3954
1032590 3955
1032600 3956
1032610 3957
1032620 3958
1032630 3959
1032640 3960
1032650 3961
1032660 3962
1032670 3963
1032680 3964
1032690 3965
1032700 3966
1032710 3967
1032720 3968
1032730 3969
1032740 3970
1032750 3971
1032760 3972
1032770 3973
1032780 3974
1032790 3975
1032800 3976
1032810 3977
1032820 3978
1032830 3979
1032840 3980
1032850 3981
1032860 3982
1032870 3983
1032880 3984
1032890 3985
1032900 3986
1032910 3987
1032920 3988
1032930 3989
1032940 3990
1032950 3991
1032960 3992
1032970 3993
1032980 3994
1032990 3995
1033000 3996
1033010 3997
1033020 3998
1033030 3999
1033040 4000
1033050 4001
1033060 4002
1033070 4003
1033080 4004
1033090 4005
1033100 4006
1033110 4007
1033120 4008
1033130 4009
1033140 4010
1033150 4011
1033160 4012
1033170 4013
1033180 4014
1033190 4015
1033200 4016
1033210 4017
1033220 4018
1033230 4019
1033240 4020
1033250 4021
1033260 4022
1033270 4023
1033280 4024
1033290 4025
1033300 4026
1033310 4027
1033320 4028
1033330 4029
1033340 4030
1033350 4031
1033360 4032
1033370 4033
1033380 4034
1033390 4035
1033400 4036
1033410 4037
1033420 4038
1033430 4039
1033440 4040
1033450 4041
1033460 4042
1033470 4043
1033480 4044
1033490 4045
1033500 4046
1033510 4047
1033520 4048
1033530 4049
1033540 4050
1033550 4051
1033560 4052
1033570 4053
1033580 4054
1033590 4055
1033600 4056
1033610 4057
1033620 4058
1033630 4059
1033640 4060
1033650 4061
1033660 4062
1033670 4063
1033680 4064
1033690 4065
1033700 4066
1033710 4067
1033720 4068
1033730 4069
1033740 4070
1033750 4071
1033760 4072
1033770 4073
1033780 4074
1033790 4075
1033800 4076
1033810 4077
1033820 4078
1033830 4079
1033840 4080
1033850 4081
1033860 4082
1033870 4083
1033880 4084
1033890 4085
1033900 4086
1033910 4087
1033920 4088
1033930 4089
1033940 4090
1033950 4091
1033960 4092
1033970 4093
1033980 4094
1033990 4095
1034000 4096
1034010 4097
1034020 4098
1034030 4099
1034040 4100
1034050 4101
1034060 4102
1034070 4103
1034080 4104
1034090 4105
1034100 4106
1034110 4107
1034120 4108
1034130 4109
1034140 4110
1034150 4111
1034160 4112
1034170 4113
1034180 4114
1034190 4115
1034200 4116
1034210 4117
1034220 4118
1034230 4119
