515:1,1,0,0,0,1,1,1,0,0,0,0,0,0,0,1,1,1,1,1,1,1,1,1,1,0,1,1,1,1,0,1,1,1,1,1,1,1,1,1,1,0,1,0,1,0,1,1,1,1,1,0,0,1,1,1,1,1,1,1,0,1,1,1
516:1,1,1,1,1,1,1,1,0,1,1,0,0,1,1,1,1,0,0,0,0,0,0,1,1,0,1,0,0,1,1,1,1,1,1,0,0,1,0,1,1,0,0,0,0,0,0,1,1,1,1,1,0,1,1,1,1,1,1,1,0,1,1,1
517:1,0,1,1,1,0,1,1,0,0,0,1,1,0,0,1,1,0,1,1,1,0,1,1,1,0,0,1,1,0,0,1,1,0,1,1,1,0,1,1,1,1,1,1,1,1,1,1,1,1,1,1,1,1,1,1,1,0,0,0,0,1,0,1
518:0,0,0,1,0,0,0,1,1,0,1,1,1,0,1,1,1,0,1,1,1,0,1,1,1,0,1,1,1,0,1,1,1,0,0,1,1,0,0,1,1,1,1,1,1,1,1,1,1,1,1,1,1,1,1,1,1,0,0,1,1,0,1,1
519:1,1,1,0,0,1,1,1,0,1,1,0,0,1,0,1,1,0,0,1,0,0,1,1,1,0,0,1,0,0,1,1,0,1,1,0,0,1,0,1,1,1,1,0,0,1,1,1,1,1,1,1,1,1,1,1,1,1,1,1,1,1,1,1
520:1,0,0,1,1,1,1,1,1,0,0,1,1,0,1,1,0,0,0,0,1,0,1,1,1,1,0,1,1,0,1,1,1,0,0,0,1,0,0,1,0,1,1,0,1,0,1,1,0,1,1,0,1,0,1,1,0,0,0,0,1,0,0,1
521:1,0,0,0,0,0,1,1,1,1,1,0,1,1,1,1,0,0,0,0,0,0,0,1,1,1,1,1,1,1,1,1,1,1,1,0,1,0,1,1,1,1,1,1,1,0,1,1,1,1,1,1,1,1,1,1,1,0,1,1,0,1,0,1
522:0,0,0,0,0,0,0,1,1,0,1,0,1,0,1,1,1,0,0,0,1,0,0,1,1,0,0,0,1,0,1,1,1,0,0,1,1,0,0,1,1,1,0,1,1,0,1,1,1,1,0,1,1,0,1,1,1,1,1,1,1,1,1,1
523:1,0,0,0,0,0,1,1,1,1,0,1,0,0,1,1,0,0,0,1,0,0,0,1,1,1,0,0,0,1,1,1,1,1,1,1,0,1,1,1,1,1,1,0,1,1,1,1,1,1,0,0,0,1,1,1,0,0,0,0,0,0,0,1
524:1,1,1,1,1,1,1,1,0,0,0,0,0,0,0,1,1,0,1,0,1,0,1,1,1,1,1,0,1,1,1,1,1,0,0,0,0,1,0,1,0,1,1,1,0,0,1,1,1,1,0,0,0,1,1,1,1,1,0,0,0,1,1,1
525:0,0,0,0,0,0,0,1,1,1,1,0,1,1,1,1,1,1,1,0,1,0,1,1,1,0,1,0,1,1,1,1,1,1,1,0,1,0,1,1,1,0,1,0,1,1,1,1,1,1,1,0,1,1,1,1,1,1,1,0,1,1,1,1
526:1,1,1,1,1,1,1,1,1,1,0,1,1,0,1,1,0,1,1,0,1,0,1,1,1,0,0,1,1,0,1,1,1,0,0,1,1,0,1,1,0,0,0,0,1,0,1,1,0,0,0,0,1,0,1,1,1,0,0,1,1,0,0,1
527:1,1,1,0,0,1,1,1,1,1,1,0,0,1,1,1,0,0,0,0,0,1,0,1,1,0,1,0,0,1,1,1,1,1,1,0,0,1,1,1,1,1,1,1,1,1,1,1,1,0,1,0,1,0,1,1,1,1,1,1,1,0,0,1
528:0,0,0,0,0,0,0,1,1,0,1,1,1,0,1,1,1,0,0,1,1,0,0,1,0,0,0,1,0,0,0,1,0,0,0,1,0,0,0,1,0,0,0,1,0,0,0,1,1,0,0,1,1,0,0,1,1,1,1,1,1,1,1,1
529:1,1,0,1,0,1,1,1,1,1,0,0,0,0,1,1,1,1,0,1,0,1,1,1,0,0,0,1,0,0,0,1,1,1,1,0,0,1,0,1,1,1,1,0,0,1,0,1,1,1,1,0,1,1,0,1,1,1,1,1,1,1,1,1
530:0,0,0,0,0,0,0,1,1,1,0,0,0,0,1,1,1,0,1,0,1,0,0,1,1,1,1,0,0,1,1,1,1,1,1,0,0,1,1,1,1,1,1,0,0,0,1,1,1,1,1,0,1,1,0,1,1,1,1,1,1,1,0,1
531:0,0,0,0,0,0,0,1,1,1,0,1,1,1,1,1,1,1,0,1,0,1,0,1,1,1,0,0,0,0,1,1,1,1,0,0,0,1,1,1,1,1,1,0,0,1,1,1,1,1,0,1,1,0,1,1,1,1,1,1,1,1,1,1
532:0,0,0,0,0,0,0,1,1,1,1,1,1,1,1,1,1,1,0,0,0,1,1,1,1,1,0,1,1,0,1,1,1,1,0,1,1,1,1,1,1,1,0,1,1,1,1,1,1,1,0,1,1,1,1,1,1,0,1,1,1,0,0,1
533:1,0,1,1,1,0,1,1,1,1,0,1,0,0,1,1,1,0,1,1,1,1,0,1,0,1,1,1,1,1,0,0,1,0,1,1,1,0,0,1,1,1,1,1,1,1,1,1,1,0,1,1,1,0,1,1,1,0,1,1,1,1,1,1
534:1,1,0,1,0,1,1,1,1,0,0,0,0,0,1,1,1,1,0,1,0,1,1,1,1,1,0,1,0,1,1,1,1,1,1,1,1,1,0,0,1,1,0,1,1,1,1,1,1,1,1,0,1,1,1,1,1,1,1,1,1,1,1,1
535:1,1,1,0,1,1,1,1,1,1,0,1,0,0,1,1,1,1,0,1,0,0,1,1,1,1,0,0,0,0,1,1,1,1,0,0,0,0,0,1,1,1,0,1,0,0,1,0,1,1,0,1,0,0,1,0,1,1,0,0,0,0,0,1
536:1,1,0,1,1,1,1,1,1,1,0,0,0,1,1,1,0,0,0,1,0,0,0,1,1,0,0,1,1,0,1,1,1,1,0,1,1,0,1,1,1,1,1,1,1,1,1,1,1,1,1,1,1,1,1,1,1,0,1,0,1,1,1,1
537:0,0,0,0,0,0,0,1,1,1,1,0,0,1,1,1,1,1,0,0,0,0,1,1,1,1,0,1,0,0,1,1,1,1,0,0,0,0,0,1,1,1,0,0,0,1,1,1,1,1,1,0,0,1,1,1,1,1,1,1,0,1,1,1
538:1,1,1,1,1,1,1,1,1,0,1,1,1,0,1,1,0,0,0,1,1,0,0,1,1,0,0,1,1,0,0,1,1,0,0,1,1,0,0,1,0,0,0,1,1,0,0,1,1,0,1,1,1,0,1,1,1,0,1,1,1,1,1,1
539:1,1,1,1,1,1,1,1,1,0,0,1,1,1,1,1,1,0,0,1,1,1,0,1,1,0,0,1,1,1,1,1,1,0,0,1,1,1,1,1,0,0,1,0,1,1,0,1,1,0,0,1,1,1,1,1,1,1,1,1,1,1,1,1
540:0,0,0,1,1,0,0,1,1,0,1,1,1,0,1,1,1,0,1,0,1,0,1,1,0,0,0,0,0,0,0,1,1,0,1,0,1,0,1,1,1,0,1,1,1,1,1,1,1,0,1,1,1,0,0,1,1,0,1,1,1,0,0,1
541:0,0,0,0,1,1,1,1,1,0,0,1,1,1,1,1,0,0,0,0,1,0,1,1,0,0,0,0,1,0,1,1,0,0,0,0,1,0,1,1,0,0,0,0,1,0,0,1,1,1,1,0,1,1,1,1,1,1,1,1,1,1,1,1
542:1,1,1,1,1,1,1,1,1,1,0,0,0,0,1,1,1,1,0,1,0,0,1,1,0,0,0,0,0,0,0,1,1,1,1,1,1,1,1,1,1,0,1,0,0,0,1,1,1,1,1,0,0,1,1,1,1,1,1,1,1,1,1,1
543:0,0,1,0,1,1,0,1,1,1,1,1,1,1,1,1,1,1,1,1,1,1,1,1,0,1,1,0,1,1,0,1,1,1,1,1,1,1,1,1,1,1,1,1,1,1,1,1,1,1,1,1,1,1,1,1,0,1,1,0,1,1,0,1
544:1,0,0,0,0,0,1,1,1,0,0,0,1,1,0,1,1,0,0,0,1,1,0,1,1,1,0,0,1,1,0,1,1,0,0,0,0,1,0,1,1,1,1,0,0,1,1,1,1,1,1,1,1,1,1,1,1,1,1,1,1,1,1,1
545:1,1,1,1,1,1,1,1,0,0,0,1,1,0,1,1,1,0,1,1,1,1,1,1,1,0,1,1,0,0,1,1,1,0,1,1,0,0,1,1,1,0,1,1,0,0,1,1,1,0,0,1,1,0,1,1,1,1,1,1,1,1,1,1
546:1,0,0,1,1,1,1,1,0,0,0,0,1,1,1,1,0,0,0,0,1,1,1,1,0,0,0,1,1,1,1,1,1,1,1,1,1,1,1,1,1,1,1,0,0,0,0,1,1,1,1,0,0,0,0,1,1,1,1,1,1,1,1,1
547:1,0,0,0,0,0,1,1,1,1,0,1,0,1,0,1,1,1,0,0,0,1,0,1,1,1,0,0,0,1,1,1,1,0,0,0,0,0,0,1,1,1,1,1,1,1,0,1,1,1,1,1,1,1,0,1,1,1,1,1,1,1,1,1
548:1,1,0,0,0,1,1,1,1,1,1,0,0,1,1,1,1,1,0,1,0,0,1,1,0,0,1,1,1,0,0,1,1,1,0,1,1,0,1,1,1,1,0,1,1,0,1,1,1,0,1,1,1,0,1,1,1,1,1,1,1,1,1,1
549:1,1,1,1,1,1,1,1,1,1,1,1,1,1,1,1,1,0,0,1,1,1,1,1,1,0,1,1,1,1,1,1,0,0,1,1,1,1,1,1,1,1,0,0,0,0,0,1,1,1,1,1,1,1,1,1,1,1,1,1,1,1,1,1
550:0,1,1,1,1,1,1,1,0,0,0,0,0,0,0,1,1,1,0,1,1,0,1,1,1,1,0,1,0,1,0,1,1,0,0,0,0,0,0,1,0,1,0,1,0,1,1,1,0,1,0,1,0,1,1,1,1,1,1,1,1,0,1,1
551:0,1,1,0,1,1,1,1,0,1,1,0,1,1,1,1,0,1,1,0,0,1,1,1,0,1,1,0,0,1,1,1,0,1,0,1,1,1,1,1,0,1,0,1,1,1,1,1,0,1,1,0,0,1,1,1,1,1,1,1,1,1,0,1
552:0,1,1,1,1,1,1,1,0,1,1,0,0,0,1,1,0,1,1,1,1,0,1,1,0,1,1,1,0,1,1,1,0,1,1,0,1,1,1,1,0,1,1,0,0,0,1,1,0,1,1,1,1,1,1,1,1,1,1,0,0,1,0,1
553:1,1,1,1,1,1,1,1,0,1,1,1,1,1,1,1,0,0,0,0,0,0,0,1,1,0,0,0,0,0,1,1,1,1,1,1,1,0,0,1,1,1,1,1,1,0,1,1,1,1,1,1,1,0,1,1,1,1,1,1,1,1,1,1
554:1,1,1,1,1,1,1,1,1,1,1,1,1,1,1,1,1,0,1,1,1,1,1,1,0,0,1,1,1,1,1,1,0,0,0,0,0,0,0,1,1,1,1,1,1,1,1,1,1,1,1,1,1,1,1,1,1,1,1,1,1,1,1,1
555:1,1,0,1,1,0,1,1,1,1,1,0,0,1,1,1,0,1,1,0,0,1,1,1,0,0,0,0,0,0,0,1,1,1,0,1,1,0,1,1,1,1,0,1,1,0,1,1,1,1,0,1,1,0,1,1,1,1,1,0,0,1,1,1
556:0,1,1,1,1,1,1,1,0,1,0,0,1,0,1,1,0,1,1,1,0,1,1,1,0,1,1,1,0,1,1,1,0,1,1,1,0,1,1,1,0,1,1,1,0,1,1,1,0,1,1,1,1,1,1,1,1,1,1,0,1,0,0,1
557:0,1,1,1,1,1,1,1,0,1,1,1,0,1,1,1,0,1,1,1,1,1,1,1,0,1,1,0,0,1,1,1,0,1,1,1,0,0,1,1,0,1,1,1,0,1,1,1,0,1,1,0,1,1,1,1,1,1,1,1,0,0,0,1
558:1,1,1,1,1,1,1,1,1,1,1,1,1,1,1,1,0,0,1,0,1,1,1,1,1,1,0,1,1,1,1,1,1,1,0,0,0,1,1,1,1,1,1,1,1,0,1,1,1,1,1,1,1,0,1,1,1,1,1,1,1,1,1,1
559:0,1,1,1,1,0,1,1,0,1,1,1,0,1,1,1,0,1,1,0,1,1,1,1,0,0,0,0,0,0,0,1,1,1,1,0,1,1,1,1,1,1,1,1,0,1,1,1,1,1,1,1,0,0,1,1,1,1,1,1,1,1,1,1
560:1,1,1,1,1,0,1,1,1,1,0,1,1,0,1,1,0,1,0,1,1,0,1,1,0,0,0,0,0,0,0,1,1,1,0,1,1,0,1,1,1,1,0,1,1,0,1,1,1,1,0,1,0,1,1,1,1,1,1,0,1,1,1,1
561:1,1,0,0,0,1,1,1,1,1,1,1,1,1,1,1,0,0,1,0,1,1,1,1,1,1,0,0,0,0,1,1,1,1,0,1,1,0,1,1,1,1,1,1,1,0,1,1,1,1,0,1,0,1,1,1,1,1,1,1,1,1,1,1
562:0,1,1,1,1,1,1,1,0,1,1,1,1,0,1,1,0,1,1,1,1,0,1,1,0,1,1,1,1,0,1,1,0,1,0,1,1,0,1,1,0,1,1,0,1,1,1,1,0,1,1,1,1,1,1,1,1,1,0,0,0,0,0,1
563:1,1,1,1,1,1,1,1,1,1,1,0,0,1,1,1,1,1,0,1,0,1,1,1,1,0,1,1,0,1,1,1,0,0,0,0,0,0,0,1,1,1,1,1,0,1,1,1,1,1,1,1,0,1,1,1,1,1,1,1,0,1,1,1
564:1,1,0,0,0,0,1,1,1,1,1,1,1,1,1,1,1,1,1,1,1,1,1,1,0,1,1,1,1,1,1,1,0,1,1,1,1,1,1,1,0,1,1,1,1,1,1,1,0,1,1,1,1,1,1,1,0,0,0,0,0,0,0,1
565:1,1,1,1,1,1,1,1,0,0,0,0,0,0,0,1,1,1,1,0,0,1,1,1,1,1,1,0,0,1,1,1,1,0,1,0,1,0,0,1,1,0,0,1,1,1,0,1,1,1,1,1,1,1,0,1,1,1,1,1,1,1,1,1
566:1,1,1,0,1,1,1,1,1,1,0,1,1,1,1,1,0,1,0,0,0,1,1,1,0,1,1,1,0,1,1,1,0,0,0,0,0,0,0,1,1,1,1,0,1,1,1,1,1,1,0,1,1,1,1,1,1,1,0,1,0,1,1,1
567:1,1,1,1,1,1,1,1,0,1,1,1,1,1,1,1,0,1,0,0,0,0,0,1,1,1,1,0,1,1,1,1,1,1,1,0,0,1,1,1,1,1,0,1,0,1,1,1,1,0,1,1,1,0,1,1,1,1,1,1,1,1,0,1
568:1,1,1,1,1,1,1,1,0,0,1,1,1,1,1,1,0,1,0,0,1,1,0,1,1,1,0,1,1,1,1,1,1,1,0,0,0,0,1,1,1,1,1,1,1,0,1,1,1,1,1,1,1,1,1,1,1,1,1,1,1,1,1,1
569:1,1,1,0,0,1,1,1,1,1,1,1,0,0,1,1,1,0,1,1,0,1,1,1,0,1,1,1,0,1,1,1,0,0,0,0,0,0,0,1,1,1,1,0,1,1,1,1,1,1,1,0,1,1,1,1,1,1,0,0,0,0,1,1
570:0,1,1,1,1,1,1,1,0,1,0,1,1,0,1,1,0,1,0,1,1,0,1,1,0,1,1,1,0,1,1,1,0,1,1,0,0,1,1,1,0,1,1,1,1,1,1,1,0,1,1,1,1,1,1,1,1,0,0,0,0,1,0,1
571:1,1,1,1,1,1,1,1,0,1,1,1,1,1,1,1,0,0,0,0,0,0,0,1,1,1,1,1,1,1,1,1,0,1,1,1,1,1,1,1,1,1,1,0,0,1,1,1,1,1,1,1,1,1,1,1,1,0,0,0,0,0,0,1
572:1,1,0,1,0,0,1,0,1,1,1,0,0,1,1,0,0,1,1,0,1,1,1,0,0,1,0,1,0,1,1,0,0,0,0,0,0,0,0,0,1,1,1,1,1,1,1,0,1,1,0,1,0,1,1,0,1,1,1,0,0,1,1,1
573:1,1,1,1,1,1,1,1,1,1,1,1,1,1,1,1,1,0,0,0,0,1,1,1,1,1,1,0,0,1,1,1,1,1,1,1,1,1,1,1,0,0,0,0,0,0,0,1,1,1,1,1,1,1,0,0,1,1,1,1,1,1,1,1
574:1,0,1,1,1,1,1,1,0,1,1,0,0,1,1,1,0,0,0,0,0,0,0,1,1,1,0,0,0,0,1,1,1,1,1,1,1,0,1,1,1,1,1,1,0,1,1,1,1,1,1,1,1,0,1,1,1,1,1,0,1,1,1,1
575:1,1,1,1,1,1,1,1,1,0,1,1,1,0,1,1,0,0,0,0,1,1,1,1,1,0,1,1,1,1,1,1,1,0,0,0,0,0,0,1,1,1,1,0,1,1,1,1,1,1,1,1,1,1,1,1,1,1,1,1,1,1,1,1
576:1,1,1,1,1,1,1,1,0,0,1,1,0,0,0,1,1,1,1,1,1,1,1,1,1,1,0,0,1,1,1,1,1,1,0,0,1,1,1,1,1,1,1,1,1,1,1,1,1,1,1,0,1,1,1,1,1,1,1,0,1,0,1,1
577:1,1,0,1,1,1,1,1,0,0,0,0,0,1,1,1,0,0,1,0,0,1,1,1,0,0,1,0,0,1,1,1,0,0,0,0,0,0,0,1,1,1,1,1,1,1,1,1,1,1,1,1,0,0,1,1,1,1,1,1,1,0,1,1
578:1,1,1,1,1,1,1,1,1,0,1,1,1,1,1,1,0,0,1,1,0,1,1,1,1,0,1,1,0,1,1,1,1,1,0,0,0,0,1,1,1,1,0,0,0,0,0,1,1,1,1,1,0,1,1,1,1,1,1,1,0,1,1,1
579:1,1,0,1,1,1,1,1,1,1,0,1,1,0,1,1,0,0,0,1,1,1,1,1,0,0,0,0,0,0,0,1,1,1,0,1,1,0,1,1,1,1,0,1,1,1,1,1,1,1,0,1,1,0,1,1,1,1,1,1,1,0,1,1
580:1,0,1,1,1,1,1,1,0,1,1,1,1,1,1,1,0,0,0,0,0,0,0,1,1,0,1,0,1,1,1,1,1,0,1,0,1,1,1,1,1,0,1,0,0,0,1,1,1,0,0,1,1,1,1,1,1,1,0,1,1,1,0,1
581:0,1,1,1,1,1,1,1,0,1,1,0,0,1,1,1,0,0,0,0,0,0,0,1,1,1,1,0,0,1,1,1,1,0,1,0,0,0,1,1,1,0,0,1,1,0,1,1,1,1,1,1,1,0,1,1,1,1,1,1,1,1,1,1
582:1,1,1,1,1,1,1,1,0,0,1,1,1,0,1,1,0,1,0,1,1,0,1,1,0,1,0,0,0,1,1,1,0,0,1,0,1,1,0,1,1,1,0,0,0,1,1,1,1,0,0,1,1,0,1,1,1,1,1,1,1,0,1,1
583:1,1,1,1,1,1,1,1,1,1,1,0,1,1,1,1,0,0,1,0,0,0,0,1,1,1,1,0,0,1,1,1,1,1,1,0,1,1,1,1,0,0,0,0,0,0,0,1,1,1,1,0,1,1,1,1,1,1,1,1,1,1,1,1
584:1,1,1,1,1,1,1,1,0,1,1,1,1,0,1,1,0,1,0,0,1,0,1,1,0,1,1,1,0,0,1,1,0,0,0,0,0,0,0,1,1,0,1,1,0,0,1,1,1,1,1,1,1,0,1,1,1,1,0,0,1,0,0,1
585:1,0,1,1,1,1,1,1,0,1,1,1,1,1,1,1,0,0,0,0,0,0,0,1,1,1,1,0,0,1,1,1,1,0,1,1,1,0,0,1,0,1,1,1,1,1,0,1,1,0,1,1,1,0,0,1,1,1,1,1,1,1,1,1
586:0,1,1,1,1,1,1,1,0,1,1,0,0,0,1,1,0,1,1,1,1,1,1,1,0,1,1,1,1,1,1,1,0,1,1,1,1,1,1,1,0,1,1,1,1,1,1,1,0,1,1,1,1,1,1,1,1,1,0,0,0,0,0,1
587:1,0,1,1,1,1,1,1,1,0,1,1,1,1,1,1,0,0,0,0,0,0,0,1,1,1,1,1,1,1,1,1,1,1,0,0,0,0,1,1,1,1,1,1,1,1,1,1,1,1,1,1,1,1,1,1,1,1,0,0,0,0,1,1
588:1,0,0,0,0,0,1,1,1,1,0,1,1,0,1,1,0,1,1,0,0,1,1,1,0,0,0,0,0,1,0,1,1,1,0,0,0,1,1,1,1,1,0,1,1,0,1,1,1,0,1,1,1,0,1,1,1,1,1,1,1,1,1,1
589:1,1,0,0,0,0,1,1,1,1,0,1,1,0,1,1,1,0,0,1,1,0,1,1,0,0,0,0,0,0,0,1,1,1,0,1,1,0,1,1,1,1,0,1,1,0,1,1,1,1,0,1,1,0,1,1,1,1,1,0,0,1,1,1
590:0,1,0,0,1,1,1,1,0,1,1,1,0,1,1,1,0,1,1,1,0,1,1,1,0,1,1,0,0,1,1,1,0,1,1,1,0,1,1,1,0,1,1,1,0,1,1,1,0,1,1,1,0,1,1,1,1,0,0,1,1,0,0,1
591:1,1,1,1,1,1,1,1,1,1,0,1,1,1,1,1,1,0,1,1,1,1,1,1,0,0,1,1,1,1,1,1,0,0,0,0,0,0,0,1,1,1,1,1,1,1,1,1,1,0,0,1,1,0,1,1,1,1,1,1,1,1,1,1
592:0,1,1,1,1,1,1,1,0,1,0,1,1,0,1,1,0,1,1,0,1,0,1,1,0,1,1,0,0,1,1,1,0,1,1,0,0,1,1,1,0,1,0,1,1,0,1,1,0,1,1,1,1,1,1,1,1,1,1,0,0,1,0,1
593:1,1,1,1,1,1,1,1,1,1,0,1,1,1,1,1,1,1,0,1,1,1,1,1,0,1,0,1,1,0,1,1,0,1,1,0,0,0,1,1,0,1,1,1,1,1,1,1,0,1,0,0,1,0,1,1,0,0,0,0,0,0,0,1
594:1,1,0,0,0,0,1,1,1,1,1,1,1,1,1,1,1,1,1,1,1,1,1,1,0,1,1,1,1,1,1,1,0,1,1,1,1,0,1,1,0,1,1,1,1,1,1,1,0,1,1,1,1,1,1,1,0,0,0,0,0,0,0,1
595:1,0,0,1,1,1,1,1,1,1,0,1,1,1,1,1,0,1,0,1,1,1,1,1,0,0,0,0,0,0,0,1,1,1,0,1,0,1,1,1,1,1,0,1,1,1,1,1,1,1,0,1,1,0,1,1,1,1,1,1,1,0,1,1
596:1,1,1,1,1,1,1,1,1,0,1,0,1,1,1,1,0,0,1,0,1,1,1,1,0,0,0,0,0,0,0,1,1,1,1,0,1,1,1,1,1,1,1,0,0,0,1,1,1,1,1,0,1,1,1,1,1,1,1,0,1,1,1,1
597:1,1,1,1,1,1,1,1,0,1,1,1,0,1,1,1,0,1,0,0,1,0,1,1,0,1,0,0,1,1,1,1,1,0,0,1,1,1,1,1,1,1,0,0,0,0,1,1,1,1,1,1,1,0,1,1,1,1,1,1,1,0,1,1
598:1,1,1,1,1,1,1,1,0,1,0,1,1,1,1,1,0,1,0,0,1,1,1,1,1,1,0,0,0,0,1,1,1,1,0,1,1,0,1,1,1,1,0,1,1,0,1,1,1,1,0,1,1,0,1,1,1,1,0,1,0,0,1,1
599:1,1,1,1,1,1,1,1,1,1,1,0,1,1,1,1,1,0,1,0,0,0,1,1,0,1,1,0,1,1,1,1,0,0,0,0,0,0,0,1,1,1,1,0,1,1,1,1,1,1,1,0,1,1,1,1,1,1,1,0,1,1,1,1
600:1,1,1,0,1,1,1,1,0,1,0,0,0,1,1,1,0,1,0,0,0,1,1,1,1,1,1,0,0,1,1,1,1,0,0,0,0,0,1,1,0,0,1,0,1,1,0,1,1,0,1,0,1,1,0,1,1,1,1,1,1,1,1,1
601:1,1,1,1,1,1,1,1,1,1,0,1,1,0,0,1,0,1,0,1,1,1,1,1,0,1,0,1,0,1,1,0,0,0,0,0,0,1,1,0,1,1,0,1,0,1,1,0,1,1,0,1,1,0,0,1,1,1,0,1,1,1,1,1
602:1,0,1,1,1,1,1,1,0,1,1,1,1,1,1,1,0,0,0,0,0,0,0,1,1,1,1,1,0,1,1,1,1,0,1,1,0,1,1,1,1,0,0,0,0,0,0,1,1,1,1,1,1,1,0,1,1,1,1,1,1,1,1,1
603:1,1,1,1,1,1,1,1,0,1,1,0,0,0,0,1,0,1,1,0,1,1,0,1,0,1,0,1,1,1,1,0,0,0,0,1,1,1,1,0,1,1,0,1,1,1,1,1,1,1,1,0,0,0,0,1,1,1,1,1,0,0,1,1
604:1,1,1,1,1,1,0,1,0,1,1,1,1,0,1,1,0,1,1,1,0,1,1,1,0,0,0,0,0,0,0,1,1,1,1,1,0,1,1,1,1,1,1,1,0,0,1,1,1,1,0,1,1,0,0,1,1,1,0,0,1,1,1,1
605:1,1,1,1,1,1,1,1,1,1,0,0,1,1,1,1,1,0,1,1,1,1,0,1,0,0,1,1,1,0,1,0,0,0,0,0,0,0,1,0,1,1,1,1,0,0,1,0,1,1,1,0,1,0,0,1,1,1,0,0,1,1,1,1
606:1,1,0,0,1,1,1,1,1,1,1,1,0,1,1,1,1,1,1,0,0,1,1,1,0,0,1,0,0,1,1,1,1,1,1,0,0,1,1,1,1,1,1,1,1,1,1,1,1,1,1,1,1,1,1,1,1,1,1,1,1,1,1,1
607:1,1,1,0,1,1,0,1,1,1,1,1,1,1,1,1,0,0,0,0,1,0,0,1,1,0,0,1,0,0,1,1,1,0,0,1,0,0,1,1,1,1,0,0,1,0,0,1,1,1,1,1,1,1,0,1,1,1,1,1,1,1,1,1
608:1,1,1,1,1,1,1,1,0,1,0,0,0,0,1,1,0,0,1,1,1,0,1,1,0,0,1,0,1,0,1,1,0,0,0,0,0,0,0,1,1,1,1,0,1,1,1,1,1,1,1,0,1,1,1,1,1,1,1,0,1,1,1,1
609:1,1,1,1,1,1,1,1,1,1,0,1,1,1,1,1,1,0,0,1,1,1,1,1,0,1,0,1,0,1,1,1,0,0,0,0,0,0,0,1,1,1,0,1,1,1,1,1,1,1,0,1,1,1,1,1,1,1,0,1,1,1,1,1
610:1,1,1,1,1,1,0,1,0,0,1,0,1,1,0,1,1,0,0,0,0,0,0,1,1,1,1,1,0,0,1,1,1,1,0,1,0,1,1,1,1,1,1,1,1,1,1,1,1,1,0,1,1,1,1,1,1,1,1,1,0,0,1,1
611:1,1,0,0,1,1,1,1,1,1,1,0,1,1,0,1,1,1,1,0,1,1,0,1,0,0,0,0,1,0,0,1,1,0,0,1,1,0,1,1,1,1,1,1,1,0,1,1,1,0,0,1,1,0,1,1,1,1,1,1,1,0,0,1
612:1,1,0,1,1,1,1,1,1,1,0,1,0,1,1,1,0,0,0,0,0,0,0,1,1,1,0,1,0,1,1,1,1,1,0,1,0,1,1,1,1,1,0,1,1,1,1,1,1,1,0,1,1,1,1,1,1,1,1,0,0,0,1,1
613:1,1,1,1,1,1,1,1,1,0,1,1,0,1,0,1,0,0,1,0,0,1,0,1,1,1,0,0,1,1,1,1,1,1,0,0,0,0,1,1,1,1,1,1,1,0,0,1,1,1,1,1,1,1,1,1,1,1,1,1,1,0,1,1
614:1,1,1,0,1,1,1,1,1,0,1,0,1,1,1,1,0,0,1,0,0,1,1,1,1,1,1,0,0,1,1,1,1,1,1,0,1,1,1,1,0,0,1,1,1,1,0,1,1,0,0,1,1,0,1,1,1,1,1,0,1,1,1,1
615:1,1,1,1,1,0,0,1,1,1,1,1,1,1,1,0,0,0,0,0,1,1,0,1,1,1,0,0,1,1,0,1,1,0,0,0,1,1,0,1,0,1,0,0,0,1,1,0,1,0,1,1,1,1,0,1,1,1,1,1,1,1,1,1
616:1,1,1,1,1,1,1,1,0,1,1,0,1,1,1,1,0,1,1,0,1,1,1,1,0,0,0,0,0,0,0,1,1,1,0,0,0,0,1,1,0,0,1,1,1,1,0,1,0,1,1,1,1,1,0,1,1,0,0,0,0,0,1,1
617:1,1,1,0,0,0,1,1,1,1,1,0,1,1,1,1,1,0,1,0,1,1,1,1,0,0,0,0,0,0,0,1,1,1,1,0,1,1,1,1,1,1,1,0,1,1,1,1,1,1,1,0,1,1,1,1,1,1,1,1,0,0,1,1
618:1,1,0,0,0,0,1,1,0,1,1,0,1,1,1,1,0,1,1,0,1,1,1,1,0,1,1,0,1,1,1,1,0,0,0,0,0,0,0,1,1,1,1,0,1,1,1,1,1,1,1,0,1,1,1,1,1,1,1,1,0,0,1,1
619:1,1,1,1,1,1,1,1,1,1,1,0,1,1,1,1,0,1,1,0,1,1,1,1,0,1,1,0,1,1,1,1,0,1,1,0,1,1,0,1,1,1,1,0,1,1,1,1,1,1,1,0,1,1,1,1,1,1,1,0,0,0,0,1
620:1,1,1,0,1,0,1,1,1,1,0,0,0,1,0,1,0,1,0,1,0,1,1,0,0,0,0,0,0,0,0,0,1,1,0,1,0,1,1,0,1,1,0,1,0,1,0,1,1,1,1,0,1,1,0,1,1,1,1,1,1,1,1,1
621:0,1,1,1,1,1,1,1,0,1,1,1,0,0,1,1,0,1,1,1,0,1,1,1,0,1,1,0,1,1,1,1,0,1,1,0,0,0,1,1,0,1,1,0,0,0,1,1,0,1,0,0,0,0,1,1,1,0,1,1,1,1,0,1
622:1,1,1,1,1,1,1,1,0,0,1,1,1,0,1,1,0,1,0,1,0,1,1,1,0,1,1,0,0,1,1,1,1,1,0,0,0,1,1,1,1,1,0,1,1,0,1,1,1,0,1,1,1,0,1,1,1,1,0,0,0,1,1,1
623:1,1,1,1,1,1,1,1,0,1,1,1,0,0,0,1,0,1,1,1,1,1,0,1,0,0,0,1,1,1,0,1,0,1,1,1,1,0,1,1,0,1,1,1,1,0,1,1,0,1,1,1,0,1,1,1,0,0,0,1,0,0,0,1
624:1,0,1,1,1,1,1,1,0,0,1,1,1,1,0,1,1,1,0,1,1,1,1,1,1,1,0,0,1,1,1,1,1,1,0,1,0,1,1,1,1,1,1,1,1,0,0,1,1,1,1,1,1,0,1,1,1,1,1,1,1,1,1,1
625:1,1,1,1,1,1,0,1,1,1,0,1,1,0,1,1,1,0,1,1,0,1,1,1,0,1,1,0,0,1,1,1,0,0,0,0,0,0,0,1,1,1,1,1,1,0,1,1,1,1,1,1,1,1,0,1,1,1,1,1,1,1,1,1
626:1,1,1,1,1,1,1,1,1,1,1,0,1,0,0,1,1,1,1,1,1,0,0,1,0,0,0,1,0,1,1,0,1,0,0,1,0,1,1,0,1,0,0,1,0,1,1,0,1,1,1,0,1,0,0,1,1,1,1,1,1,1,1,1
627:1,1,0,0,1,0,0,1,1,1,1,1,1,1,0,1,0,0,0,1,1,0,0,1,1,0,0,1,0,0,1,1,1,0,1,1,0,0,1,1,1,0,0,0,1,0,0,1,1,1,1,1,1,1,0,1,1,1,1,1,1,1,1,1
628:1,0,1,1,1,1,1,1,1,0,1,1,1,1,1,1,0,0,1,0,0,0,0,1,1,1,1,0,1,1,1,1,1,0,0,0,0,1,0,1,1,1,1,1,1,1,1,1,1,0,0,0,0,1,0,1,1,1,1,1,1,0,1,1
629:1,1,1,1,1,1,1,1,0,1,1,1,1,1,1,1,0,1,1,0,1,1,1,1,0,1,1,0,0,1,1,1,0,1,1,0,0,1,1,1,0,1,1,0,1,1,1,1,0,1,1,1,1,1,1,1,0,0,0,0,0,0,0,1
630:1,1,1,1,1,1,1,1,1,1,1,1,1,1,1,1,0,0,1,1,0,0,1,1,1,1,1,1,0,0,1,1,1,0,0,1,1,1,1,1,1,1,1,0,1,1,1,1,1,1,0,1,1,1,1,1,1,1,1,1,1,1,1,1
631:1,0,1,1,1,1,0,1,0,0,1,1,1,0,1,1,0,0,0,0,0,0,0,1,1,1,0,1,1,1,1,1,1,0,1,0,1,0,1,1,1,1,1,0,1,0,1,1,1,0,1,0,1,1,0,1,1,1,1,1,1,1,1,1
632:1,0,1,1,1,1,0,1,0,0,1,1,1,0,1,1,0,0,0,0,0,0,0,1,1,1,0,1,1,1,1,1,1,0,0,0,1,0,1,1,0,1,1,0,1,0,1,1,1,0,0,0,1,1,0,1,1,1,1,1,1,1,1,1
633:1,1,1,1,1,1,1,1,1,0,1,1,0,1,1,1,0,0,1,1,0,1,1,1,0,0,0,0,0,0,0,1,1,1,1,1,0,1,1,1,1,1,0,1,0,1,1,1,1,0,1,1,0,1,1,1,1,1,1,1,0,0,0,1
634:1,0,1,1,1,1,1,1,0,0,1,1,1,1,1,1,0,0,0,0,0,0,0,1,1,1,1,1,1,1,1,1,1,1,0,0,0,1,1,1,1,1,0,1,1,1,1,1,1,1,0,1,1,1,1,1,1,1,1,0,0,0,1,1
635:1,1,1,1,1,1,1,1,0,0,1,1,1,1,0,1,1,1,1,0,0,1,1,1,1,1,1,1,1,1,1,1,1,0,0,0,0,0,1,1,1,1,1,0,1,1,1,1,1,1,1,0,1,1,1,1,1,1,1,1,1,1,1,1
636:0,1,0,0,0,1,1,1,0,1,1,1,0,0,1,1,0,1,1,1,1,0,1,1,0,1,0,1,1,0,1,1,0,1,1,1,1,0,1,1,0,1,1,1,1,0,1,1,0,1,1,1,1,0,1,1,1,0,0,0,1,1,0,1
637:1,1,1,1,1,1,1,1,1,0,1,1,1,1,1,1,0,0,0,0,0,0,0,1,1,1,0,1,1,0,1,1,1,0,1,1,1,0,1,1,1,0,0,1,0,0,0,1,1,1,0,1,1,1,0,1,1,1,0,1,1,1,1,1
638:1,1,1,1,1,1,1,1,0,1,0,0,0,0,1,1,0,0,1,0,0,0,0,1,1,1,0,1,1,1,1,1,1,1,0,1,1,1,1,1,1,1,1,0,0,1,1,1,1,1,1,0,1,1,1,1,1,1,0,0,0,0,1,1
639:1,1,1,1,1,1,1,1,0,0,1,1,1,1,1,1,0,0,0,0,0,0,0,1,1,1,1,0,0,1,1,1,1,1,0,1,1,0,1,1,1,0,0,0,0,0,0,1,1,1,0,1,1,0,1,1,1,1,1,0,0,1,1,1
640:1,1,1,1,1,1,1,1,0,0,1,1,1,1,0,1,1,1,1,0,1,1,1,1,1,0,0,0,0,1,1,1,1,1,0,1,0,0,1,1,1,1,0,0,0,0,0,1,1,1,1,1,1,1,0,1,1,1,1,1,1,1,1,1
641:1,1,1,1,1,1,1,1,1,0,1,1,1,1,1,1,0,0,0,0,0,0,0,1,1,1,1,1,1,1,1,1,1,1,1,0,0,1,1,1,1,0,0,0,0,0,0,1,1,1,1,1,1,1,1,1,1,1,1,1,1,1,1,1
642:1,1,1,1,1,1,1,1,0,1,1,0,0,1,1,1,0,1,1,1,1,1,1,1,0,0,1,1,1,1,0,1,1,0,0,1,1,1,1,1,1,1,1,1,1,1,1,1,1,1,1,1,1,1,1,1,1,1,0,0,0,0,0,1
643:1,1,0,0,0,1,1,1,1,1,1,1,0,1,1,1,1,1,1,1,1,1,1,1,0,0,1,0,1,1,1,1,1,1,0,0,1,1,0,1,1,1,0,1,1,1,1,1,1,1,1,1,1,0,1,1,1,0,1,1,1,1,0,1
644:1,0,1,1,1,1,1,1,0,0,1,1,1,1,1,1,1,1,0,0,0,0,1,1,1,1,0,0,0,0,1,1,0,0,1,0,1,1,0,1,0,1,1,0,1,1,0,1,1,0,1,0,1,1,0,1,1,1,1,1,1,1,1,1
645:1,1,1,1,1,1,1,1,1,0,1,1,1,1,1,1,0,0,0,0,0,0,0,1,1,0,1,1,0,1,1,1,1,0,1,0,1,0,1,1,1,0,0,0,1,0,1,1,1,1,0,0,0,0,1,1,1,1,1,0,0,1,1,1
646:1,1,1,1,1,1,1,1,1,0,1,1,1,1,1,1,0,0,0,0,0,0,0,1,1,1,1,0,1,1,1,1,1,1,1,0,0,0,1,1,1,1,1,0,1,1,1,1,1,1,1,0,1,1,1,1,1,1,1,0,1,1,1,1
647:1,1,1,0,1,1,1,1,1,1,0,0,0,1,1,1,0,1,1,1,1,0,1,1,0,0,1,0,1,0,1,1,0,0,0,0,0,0,0,1,1,0,1,1,1,0,1,1,1,1,0,0,0,0,1,1,1,1,1,0,0,1,1,1
648:1,1,1,1,1,1,1,1,1,0,1,1,1,1,1,1,0,0,0,0,0,0,0,1,1,1,1,1,1,1,1,1,1,1,0,1,0,1,1,1,1,1,0,1,0,1,1,1,1,1,0,1,0,1,1,1,1,1,0,1,0,0,1,1
649:1,0,1,1,1,1,1,1,0,0,1,1,1,1,1,1,1,0,0,1,1,1,1,1,1,0,0,0,0,1,1,1,1,0,1,1,1,1,0,1,1,0,1,1,0,1,1,0,1,0,0,0,0,0,0,0,1,1,0,1,1,1,1,1
650:1,1,1,1,1,1,1,1,1,0,1,1,1,1,1,1,0,0,0,0,0,0,0,1,1,0,1,1,1,0,1,1,1,0,1,1,0,1,1,1,0,0,0,1,0,0,0,1,1,1,1,1,1,1,0,1,1,1,1,1,1,1,0,1
651:1,1,1,0,1,1,1,1,1,1,1,0,1,1,0,1,0,0,1,1,1,0,1,1,0,0,0,0,0,0,0,1,1,1,1,1,0,1,1,1,1,1,1,1,1,0,0,1,1,1,1,1,1,1,1,1,1,1,1,1,1,1,1,1
652:1,1,1,1,1,1,1,1,1,0,1,1,1,1,1,1,1,0,0,0,0,0,0,1,1,1,0,0,0,1,1,1,1,1,1,1,0,1,1,1,0,0,0,0,0,0,0,1,1,1,1,0,1,1,1,1,1,1,0,0,0,0,1,1
653:0,1,1,1,1,1,1,1,0,1,0,1,1,1,1,1,0,1,0,1,1,1,1,1,0,1,0,1,1,1,1,1,0,1,0,1,1,1,1,1,0,1,1,1,1,1,1,1,0,1,1,1,1,1,1,1,1,0,0,0,0,0,0,1
654:1,0,1,1,1,1,1,1,0,0,1,1,1,1,0,1,1,1,0,1,1,1,1,1,1,1,0,1,1,1,1,1,1,0,0,1,0,0,1,1,1,1,1,1,1,0,1,1,1,1,0,0,1,0,1,1,1,1,1,1,1,1,1,1
655:1,1,1,0,0,0,1,1,1,1,1,1,1,0,1,1,1,0,1,1,0,0,1,1,0,1,1,1,0,1,1,1,0,0,0,0,0,0,0,1,1,1,1,0,0,1,1,1,1,1,1,0,1,1,1,1,1,1,1,0,0,0,1,1
656:1,1,0,0,0,0,1,1,1,1,0,1,1,0,1,1,0,1,0,1,1,0,1,1,0,0,0,0,0,0,0,1,1,1,0,1,1,0,1,1,1,1,0,1,1,0,1,1,1,1,0,1,1,0,1,1,1,1,1,1,1,1,1,1
657:1,1,1,1,1,1,1,1,0,0,1,1,1,1,1,1,1,0,0,1,1,0,0,1,1,1,1,1,1,1,1,1,1,0,1,0,0,0,1,1,1,1,0,0,0,0,1,1,1,1,0,1,1,0,1,1,1,1,1,1,1,1,1,1
658:1,0,1,1,1,1,1,1,0,0,1,1,1,1,0,1,1,1,1,1,1,1,1,1,0,1,1,1,1,1,1,1,0,1,1,0,0,0,1,1,0,1,0,1,0,1,0,1,0,1,1,0,1,1,0,1,1,1,1,1,1,1,1,1
659:1,0,1,1,1,1,1,1,0,0,1,1,1,1,1,1,1,0,1,1,1,1,0,1,1,1,1,0,1,0,1,1,1,0,1,1,0,0,1,1,1,0,1,0,1,0,1,1,1,0,1,0,1,0,1,1,1,1,1,1,0,1,1,1
660:1,0,1,1,1,1,1,1,1,0,1,1,1,1,1,1,0,0,1,1,1,0,0,1,1,1,0,1,0,0,1,1,1,1,1,0,0,1,1,1,1,1,1,0,0,1,1,1,1,1,0,1,1,0,1,1,1,1,1,1,1,1,1,1
661:1,1,1,1,1,1,1,1,0,1,0,1,1,0,1,1,0,1,0,0,0,0,1,1,0,1,1,0,0,0,1,1,0,1,1,1,1,0,1,1,0,1,1,1,1,0,1,1,0,1,1,1,0,1,1,1,0,0,0,0,0,0,0,1
662:1,1,1,1,1,1,1,1,1,0,1,1,1,1,1,1,0,0,0,0,0,0,0,1,1,0,1,1,1,1,1,1,1,0,1,1,1,0,1,1,1,0,0,0,1,0,0,1,1,1,1,0,1,1,1,1,1,1,1,0,1,1,1,1
663:1,1,1,1,1,1,1,1,0,0,1,1,1,1,1,1,0,0,0,0,0,0,0,1,1,1,1,1,0,1,1,1,1,1,0,1,1,1,1,1,1,1,1,1,1,1,1,1,1,1,1,1,1,1,1,1,0,0,0,0,0,0,0,1
664:1,1,1,1,1,1,1,1,0,1,1,1,1,1,1,1,0,1,1,0,1,1,1,1,0,1,1,1,1,1,1,1,0,1,1,1,1,1,1,1,0,1,1,1,1,1,1,1,0,1,1,0,1,1,1,1,0,0,0,0,0,0,0,1
665:1,1,0,1,1,1,1,1,0,1,1,0,0,1,1,1,0,1,1,1,1,1,1,1,0,0,0,0,0,0,0,1,1,0,1,1,1,0,1,1,0,1,0,1,0,1,0,1,0,1,1,0,0,1,1,1,1,0,0,1,1,0,0,1
666:0,1,1,1,1,1,1,1,0,1,0,1,1,0,1,1,0,1,0,0,1,0,1,1,0,1,1,0,0,1,1,1,0,1,1,0,0,0,1,1,0,1,1,1,0,1,1,1,0,1,1,0,0,1,1,1,1,0,0,1,1,0,0,1
667:0,1,1,1,1,1,1,1,0,1,1,1,1,1,1,1,0,1,0,0,0,0,1,1,0,1,0,0,0,0,1,1,0,1,1,1,1,1,1,1,0,1,1,1,1,1,1,1,0,1,1,1,1,1,1,1,1,0,1,1,1,1,0,1
668:1,1,1,1,1,1,1,1,1,1,0,1,0,1,1,1,0,1,0,1,1,1,1,1,0,0,0,0,0,0,0,1,1,1,0,1,0,0,1,1,1,1,0,1,1,1,0,1,1,1,0,1,0,1,1,1,1,1,0,1,1,1,1,1
669:1,1,1,1,1,1,1,1,0,0,1,1,1,1,1,1,0,0,0,0,0,0,0,1,1,1,1,1,1,0,1,1,1,0,1,0,1,1,0,1,1,0,0,0,0,1,0,1,1,1,1,0,1,1,0,1,1,1,1,1,1,0,1,1
670:1,1,0,0,1,0,1,1,1,1,0,0,0,1,0,1,1,1,1,1,0,1,0,1,0,0,0,0,0,0,0,1,1,0,0,0,0,1,0,1,1,1,0,0,0,1,0,1,1,1,0,0,1,1,0,1,1,1,1,1,1,1,1,1
671:1,1,1,1,1,1,1,1,1,1,0,1,1,1,1,1,0,1,0,1,1,1,1,1,0,1,0,1,1,1,1,1,0,1,0,0,0,0,0,1,1,1,0,1,1,1,1,1,1,1,0,1,1,1,1,1,1,1,0,0,0,0,1,1
672:1,1,1,1,0,1,1,1,0,0,1,1,0,1,1,1,1,0,0,1,0,1,1,1,1,1,1,1,0,1,1,1,1,0,0,1,0,1,1,1,1,1,0,0,0,1,1,1,1,1,0,1,0,0,1,1,1,1,1,1,1,0,0,1
673:1,1,0,1,1,0,1,1,0,1,1,1,1,0,1,1,0,1,0,1,1,0,1,1,0,0,0,0,0,0,0,1,1,1,0,0,1,0,1,1,1,0,1,0,1,0,1,1,1,0,1,0,1,0,0,1,1,1,1,0,1,1,0,1
674:0,1,0,0,0,1,1,1,0,1,1,1,0,1,1,1,0,1,0,0,0,1,1,1,0,0,1,1,1,1,0,1,1,1,0,0,0,0,1,1,1,1,1,1,1,0,1,1,1,1,1,1,1,0,1,1,1,1,1,1,1,1,1,1
675:1,1,1,1,1,1,1,1,0,1,0,0,0,0,1,1,0,1,1,0,0,1,1,1,0,1,1,0,0,1,1,1,0,1,1,0,1,1,1,1,0,0,0,0,0,0,0,1,1,1,1,0,1,1,1,1,1,1,1,0,1,1,1,1
676:0,1,0,1,1,1,1,1,0,1,0,1,0,1,1,1,0,0,0,0,0,0,0,1,1,1,0,1,0,1,1,1,1,1,0,1,0,1,1,1,0,1,0,1,0,1,1,1,0,1,0,1,0,0,1,1,1,1,1,0,1,1,0,1
677:1,1,1,1,1,1,1,1,0,0,1,0,1,1,1,1,0,0,0,0,0,0,0,1,1,1,1,0,0,1,1,1,1,0,1,0,0,1,0,1,1,0,1,1,1,1,0,1,1,0,1,0,0,1,0,1,1,1,1,1,1,0,1,1
678:1,1,1,1,1,1,1,1,1,1,0,0,0,0,1,1,0,1,0,0,0,0,1,1,0,1,0,0,0,0,1,1,1,1,0,0,0,1,1,1,1,1,1,0,0,0,1,1,0,0,1,0,1,1,0,1,1,1,1,1,1,0,1,1
679:1,1,1,1,1,1,1,1,0,0,1,1,1,1,1,1,0,0,0,0,0,0,0,1,1,0,1,1,1,1,1,1,1,0,1,0,0,0,1,1,1,0,1,0,1,0,1,1,1,0,1,0,1,0,1,1,1,0,0,0,0,0,0,1
680:1,1,1,1,1,1,1,1,1,0,1,1,1,1,1,1,0,0,0,0,0,0,0,1,1,0,1,1,1,1,1,1,1,0,1,1,0,1,1,1,1,0,1,1,0,0,1,1,1,0,1,1,1,1,1,1,1,0,0,0,0,0,0,1
681:1,1,1,0,0,1,1,1,0,1,0,0,1,0,1,1,0,1,0,1,1,0,1,1,0,1,0,0,0,0,1,1,0,1,0,0,1,0,1,1,0,1,0,1,1,0,1,1,0,1,0,1,1,0,1,1,0,0,0,0,0,0,0,1
682:0,1,0,0,1,0,1,1,0,0,1,0,0,0,1,1,0,0,1,1,0,0,1,1,0,0,0,0,0,0,0,1,1,0,1,1,0,0,1,1,1,0,1,1,0,0,1,1,1,0,1,1,0,0,1,1,1,1,1,1,1,1,0,1
683:1,1,1,1,1,1,1,1,1,0,1,1,1,1,1,1,0,0,0,0,0,0,0,1,1,1,1,0,1,1,1,1,1,1,1,0,1,1,1,1,0,1,1,0,0,1,1,1,1,1,1,1,1,1,1,1,1,1,1,1,0,1,1,1
684:1,1,1,1,1,1,1,1,1,0,1,1,1,1,1,1,0,0,0,0,0,0,0,1,1,1,1,1,1,1,1,1,1,0,1,0,0,1,0,1,1,1,1,1,0,1,1,1,1,1,1,0,1,1,1,1,1,1,1,0,0,1,1,1
685:1,1,1,1,1,1,1,1,0,1,0,1,0,0,1,1,0,0,1,1,1,0,1,1,0,0,1,1,1,0,1,1,0,1,0,0,0,1,1,1,0,1,1,0,1,1,1,1,0,1,1,0,1,1,1,1,0,0,0,0,0,0,0,1
686:1,1,1,1,1,1,1,1,0,1,1,1,1,0,1,1,0,1,1,0,0,1,1,1,0,1,0,0,0,0,1,1,0,1,1,0,1,1,1,1,0,1,1,0,1,1,1,1,0,1,1,0,1,1,1,1,0,0,0,0,0,0,0,1
687:1,0,1,1,1,1,1,1,0,0,1,1,1,1,1,1,0,0,1,1,0,0,0,1,1,0,1,1,1,1,1,1,1,1,0,1,0,0,1,1,1,1,0,1,0,0,1,1,1,0,1,1,1,0,1,1,1,1,1,1,1,0,0,1
688:0,0,1,1,1,0,0,1,0,1,0,1,0,0,0,0,0,1,0,1,0,1,1,0,0,1,0,1,0,1,1,0,0,1,1,1,1,1,1,0,0,1,1,1,1,1,1,0,0,1,1,1,1,1,1,0,0,0,0,0,0,0,0,0
689:1,0,1,1,1,1,1,1,1,0,1,1,1,1,1,1,0,0,0,0,0,0,0,1,1,0,0,0,0,0,1,1,1,1,1,0,1,0,1,1,1,1,1,0,1,0,1,1,1,0,1,0,1,0,1,1,1,1,1,1,1,1,0,1
690:1,1,1,1,1,1,1,1,0,1,0,0,0,1,1,1,0,0,0,0,0,0,0,1,1,1,1,0,1,1,1,1,1,1,0,0,0,1,1,1,1,0,1,1,1,0,0,1,1,1,1,0,1,1,1,1,1,1,1,0,1,1,1,1
691:1,1,1,1,1,1,1,1,0,1,1,1,1,1,1,1,0,1,1,1,1,1,1,1,0,1,1,1,1,1,1,1,0,1,1,1,1,1,1,1,0,1,1,0,0,0,1,1,0,1,1,1,1,1,1,1,0,0,0,0,0,0,0,1
692:1,1,1,1,1,1,1,1,1,0,1,1,1,1,1,1,0,0,0,0,0,0,0,1,1,1,1,1,1,1,1,1,1,0,1,1,1,1,1,1,0,0,0,0,0,0,0,1,1,1,1,1,1,0,1,1,1,1,1,1,1,1,1,1
693:1,1,1,1,1,1,1,1,1,1,0,1,1,1,1,1,1,1,0,0,0,0,0,1,1,1,1,1,0,1,1,1,0,0,1,1,1,1,1,1,0,0,0,0,0,0,0,1,1,1,1,1,0,1,1,1,1,1,1,1,1,1,1,1
694:1,1,1,1,1,1,1,1,0,1,0,1,0,1,1,1,0,1,1,0,1,1,1,1,0,1,1,0,1,1,1,1,1,1,1,1,1,1,0,1,1,1,1,0,0,1,1,1,1,0,0,1,1,0,1,1,0,0,1,1,1,1,0,1
695:1,1,1,1,0,1,1,1,1,1,1,0,0,0,1,1,0,1,1,0,0,1,1,1,0,1,0,0,0,0,0,1,1,1,0,0,1,1,1,1,1,1,1,0,0,0,1,1,1,1,1,1,1,0,1,1,1,1,1,1,1,1,1,1
696:1,1,1,1,1,1,1,1,0,1,1,0,0,1,1,1,0,1,1,0,0,1,1,1,0,1,1,0,0,1,1,1,0,1,1,1,0,1,1,1,0,1,1,1,0,1,1,1,0,1,1,1,0,1,1,1,0,0,0,0,0,0,0,1
697:1,1,1,1,1,1,1,1,0,1,1,1,1,1,1,1,0,1,0,0,0,0,1,1,0,1,1,1,0,1,1,1,0,1,0,0,0,0,1,1,0,1,1,1,0,1,1,1,0,1,1,1,0,1,1,1,0,0,0,0,0,0,0,1
698:0,1,1,1,1,1,1,1,0,1,0,0,0,0,1,1,0,1,1,1,1,1,1,1,0,0,1,1,1,0,0,1,1,0,1,1,1,0,1,1,1,1,0,0,0,1,1,1,1,0,0,1,1,0,1,1,1,1,1,1,1,1,1,1
699:1,1,1,1,1,1,1,1,1,0,1,1,1,1,1,1,0,0,0,0,0,0,0,1,1,1,0,1,1,0,1,1,0,1,0,1,1,0,0,1,1,1,0,1,1,1,1,1,1,1,0,1,1,1,1,1,1,1,1,0,0,1,1,1
700:0,1,1,1,1,1,1,1,0,1,1,1,1,1,1,1,0,1,1,1,1,1,1,1,1,1,1,1,1,1,1,1,1,1,0,1,1,1,1,1,1,1,0,0,0,1,1,1,1,1,0,1,1,1,1,1,1,1,1,0,0,0,1,1
701:1,0,1,1,1,1,1,1,1,1,1,0,0,0,1,1,0,0,0,0,0,0,0,1,1,1,1,1,1,1,1,1,1,1,1,0,0,1,1,1,1,1,0,1,1,0,1,1,1,0,1,1,1,0,0,1,1,0,1,1,1,1,0,1
702:0,1,1,1,1,1,1,1,0,1,1,1,1,1,1,1,0,1,1,0,0,1,1,1,0,1,1,1,1,1,1,1,1,0,0,1,1,1,1,1,1,1,0,1,1,1,1,1,1,1,0,1,1,1,1,1,1,1,1,0,0,0,1,1
703:1,1,1,0,1,1,1,1,1,0,1,0,1,1,1,1,0,0,0,0,0,0,0,1,1,0,0,1,0,0,0,1,1,0,0,1,1,1,1,1,1,1,1,0,1,1,1,1,1,1,1,0,1,1,1,1,1,1,1,1,1,1,1,1
704:1,1,1,1,1,0,1,1,1,1,1,1,1,0,1,1,1,1,0,0,1,0,1,1,0,1,0,0,1,0,1,1,0,0,0,0,0,0,0,1,1,1,0,0,1,0,1,1,1,1,1,1,0,0,1,1,1,1,1,1,1,1,0,1
705:1,0,1,0,1,1,1,1,0,1,1,0,1,1,1,1,0,0,0,0,0,0,0,1,1,0,0,1,1,1,1,1,1,0,0,0,0,0,0,1,1,1,0,1,0,1,0,1,1,0,1,0,1,0,1,1,1,1,1,1,1,1,1,1
706:1,1,1,1,1,0,1,1,1,0,1,1,0,0,0,1,0,0,1,1,0,0,0,1,1,1,0,1,1,0,1,1,1,0,1,0,1,0,1,1,1,1,1,0,1,0,0,1,1,1,1,0,1,1,1,1,1,1,1,1,1,1,1,1
707:1,1,1,1,1,1,1,1,1,0,1,1,0,1,1,1,0,0,1,1,0,1,1,1,1,1,1,1,0,0,0,1,1,1,0,1,0,1,1,1,1,1,0,1,0,1,1,1,1,1,1,1,0,1,1,1,1,1,1,1,0,1,1,1
708:1,1,1,1,1,1,1,1,0,1,0,0,0,1,1,1,0,1,1,0,0,1,1,1,0,1,0,0,0,0,0,1,1,0,0,1,0,0,1,1,1,1,0,0,1,1,1,1,1,1,0,1,0,0,1,1,1,1,1,1,1,0,1,1
709:1,1,1,1,1,1,1,1,0,0,0,0,0,0,1,1,1,1,0,0,0,0,1,1,1,1,1,1,1,1,1,1,0,0,0,0,0,0,0,1,1,1,1,1,1,1,0,0,1,1,1,1,1,1,0,1,1,1,1,1,1,1,1,1
710:1,1,1,1,1,1,1,1,0,1,1,1,1,1,1,1,0,1,0,0,0,0,0,1,0,1,1,1,0,1,0,1,0,1,1,1,0,1,0,1,0,1,0,0,0,0,0,1,0,1,1,1,1,1,1,1,0,0,0,0,0,0,0,1
711:1,1,1,0,1,1,1,1,1,0,1,0,0,1,1,1,0,0,1,0,0,1,1,1,1,1,0,0,0,1,1,1,1,1,0,1,1,0,1,1,1,1,0,0,0,0,0,1,1,1,0,1,0,1,1,1,1,1,1,0,1,1,1,1
712:1,1,1,1,1,1,1,1,0,1,1,1,1,1,1,1,0,0,0,0,0,0,0,1,1,1,0,1,1,1,1,1,1,1,0,0,0,1,1,1,1,1,0,0,0,1,1,1,1,1,0,1,1,1,1,1,1,1,0,0,0,0,1,1
713:1,0,1,1,0,0,1,1,1,0,1,1,1,0,1,1,0,0,1,1,0,0,0,1,1,1,0,0,1,0,0,1,1,1,1,0,0,1,1,1,1,1,1,0,0,1,1,1,1,1,0,1,1,0,1,1,1,1,0,1,1,1,1,1
714:1,1,0,1,1,1,1,1,1,0,0,1,0,1,1,1,1,0,1,1,0,1,1,1,1,1,1,0,0,0,0,1,1,1,1,0,0,0,1,1,1,1,1,1,1,1,1,1,1,0,1,1,1,0,1,1,1,1,1,1,1,1,1,1
715:1,1,1,1,1,1,1,1,1,0,1,1,1,1,1,1,0,0,0,0,0,0,0,1,1,1,1,0,0,1,1,1,1,1,1,0,0,1,1,1,1,1,0,0,0,0,1,1,1,1,1,1,1,1,1,1,1,1,0,0,0,0,1,1
716:1,1,1,1,1,1,1,1,1,0,1,1,1,1,1,1,0,0,1,1,1,1,1,1,1,0,1,0,0,1,0,1,1,1,1,1,1,1,1,1,1,0,1,1,1,0,1,1,1,1,1,1,1,1,1,1,1,1,1,1,1,1,1,1
717:1,1,1,1,1,1,1,1,0,0,1,1,1,1,1,1,1,1,0,0,0,0,1,1,1,1,1,1,1,1,1,1,0,1,0,0,0,1,1,0,1,1,1,1,0,1,1,1,1,1,1,0,0,1,1,1,1,1,1,0,1,0,1,1
718:1,1,1,1,1,1,1,1,1,1,0,1,0,1,1,1,0,1,1,1,0,1,1,1,0,0,0,0,0,0,0,1,1,1,0,1,0,1,1,1,1,1,1,1,0,0,1,1,1,1,0,1,0,1,1,1,1,1,1,1,1,0,0,1
719:1,0,1,1,1,1,1,1,0,0,1,1,1,1,1,1,1,1,0,0,0,0,0,1,1,1,1,1,1,1,1,1,0,1,1,1,1,1,1,1,0,1,1,1,1,1,1,1,0,0,0,0,0,0,1,1,1,0,1,1,1,1,0,1
720:1,1,1,1,1,0,1,1,0,0,1,0,1,0,1,1,0,1,0,0,0,1,1,1,0,1,0,0,0,1,0,1,1,1,0,0,1,1,1,1,1,1,0,0,0,0,1,1,1,1,1,1,1,0,1,1,1,1,1,1,1,1,1,1
721:1,1,1,1,1,1,1,1,1,1,1,1,1,0,0,1,0,1,1,1,1,0,1,1,0,0,0,1,0,0,0,1,1,1,0,1,0,1,1,1,1,1,1,1,1,0,1,1,1,1,1,1,1,1,0,1,1,1,1,1,1,1,1,1
722:1,1,1,1,1,1,1,1,1,1,0,1,1,1,0,1,0,0,0,1,1,1,0,1,0,0,0,0,0,0,0,1,1,1,0,1,1,1,0,1,1,1,0,1,0,1,0,1,1,1,0,1,1,0,1,1,1,1,1,0,0,0,1,1
723:1,1,0,0,1,1,1,1,1,1,1,0,0,1,1,1,1,1,1,0,1,1,1,1,0,0,1,0,1,1,1,1,0,0,0,0,0,0,0,1,1,1,0,1,1,1,1,1,1,1,0,1,1,1,1,1,1,0,0,0,0,1,1,1
724:1,1,1,1,1,1,1,1,1,1,1,1,1,0,1,1,1,1,1,1,1,0,1,1,0,0,0,0,1,0,0,1,1,1,0,0,0,0,1,1,1,1,1,0,1,0,1,1,1,1,1,1,1,0,1,1,1,1,1,1,1,0,1,1
725:1,1,1,1,1,1,1,1,1,1,1,1,0,1,0,1,0,0,1,1,0,1,0,1,0,0,0,0,0,0,0,1,1,1,1,1,0,1,0,1,1,0,1,0,0,1,0,1,1,0,0,1,1,1,0,1,1,1,1,1,1,1,0,1
726:1,0,1,1,1,1,1,1,0,0,1,1,1,1,1,1,1,0,0,0,0,0,1,1,1,1,0,1,0,1,1,1,1,1,0,1,0,0,1,1,1,1,0,1,0,1,1,1,1,1,0,1,0,1,1,1,1,1,1,1,1,1,1,1
727:1,0,1,1,1,1,1,1,0,0,1,1,1,1,1,1,1,0,0,0,0,0,1,1,1,1,0,1,1,0,1,1,1,1,0,1,1,0,1,1,1,1,0,1,1,1,1,1,1,1,0,1,1,0,1,1,1,1,1,1,1,0,0,1
728:1,1,1,0,1,1,1,1,1,1,1,0,1,1,1,1,0,0,0,0,0,1,0,1,1,1,1,0,1,0,1,1,1,1,1,0,1,0,1,1,1,1,1,0,1,0,1,1,1,1,1,0,1,1,1,1,1,1,1,1,1,1,1,1
729:1,1,1,1,1,1,1,1,1,1,0,1,1,1,1,1,0,0,0,0,0,0,1,1,1,1,0,0,0,0,1,1,1,1,0,1,0,0,1,1,1,1,0,0,0,0,0,1,1,1,0,1,1,1,1,1,1,1,0,1,1,1,1,1
730:1,1,1,0,1,1,1,1,1,1,1,1,0,1,1,1,1,1,1,1,0,1,1,1,0,0,0,0,0,0,0,1,1,1,1,1,0,1,1,1,1,1,1,0,1,1,1,1,1,1,1,1,1,0,1,1,1,0,1,1,1,0,1,1
731:0,1,0,1,1,1,1,1,0,1,1,0,1,1,1,1,0,1,1,0,0,1,1,1,0,1,0,0,0,0,1,1,0,1,0,0,0,0,1,1,0,1,0,0,0,0,1,1,0,1,0,0,0,0,1,1,1,1,1,1,1,1,0,1
732:1,0,1,1,1,1,1,1,0,0,1,0,0,0,0,1,1,1,1,1,1,1,1,1,1,0,0,1,0,0,1,1,1,1,0,1,0,1,1,1,1,1,0,1,0,0,0,1,1,1,0,1,1,1,0,1,1,1,1,1,1,1,1,1
733:1,1,1,1,1,1,1,1,0,0,1,1,1,1,1,1,0,0,0,0,0,0,0,1,1,1,1,1,1,1,1,1,1,0,0,0,0,0,1,1,1,0,0,0,0,0,0,1,1,1,1,0,0,1,0,1,1,1,1,1,1,1,1,1
734:1,1,1,1,1,1,1,1,1,1,1,0,0,1,1,1,1,0,1,1,1,1,1,1,1,0,0,0,0,0,1,1,0,0,0,0,0,0,0,1,1,1,0,1,0,1,1,0,1,1,1,1,1,1,1,0,1,1,1,1,1,1,1,0
735:1,1,1,1,1,1,1,1,1,1,0,0,0,0,1,1,1,1,0,0,1,0,1,1,0,0,0,0,0,0,0,1,1,1,0,0,1,0,0,1,1,1,0,1,1,1,0,1,1,1,0,1,1,1,1,0,1,1,0,1,1,1,1,1
736:1,1,1,1,1,1,1,1,0,0,1,1,1,1,1,1,1,0,0,1,1,1,1,1,1,0,0,1,1,1,1,1,1,1,1,0,1,1,0,1,1,1,1,0,1,1,0,1,1,1,1,0,1,1,0,1,1,1,1,1,1,1,1,1
737:1,1,1,1,1,1,1,1,0,1,0,1,0,1,1,1,0,1,0,1,0,1,1,1,0,1,1,0,0,1,1,1,0,0,1,0,0,0,0,1,1,1,1,0,0,1,1,1,1,1,1,1,1,0,0,1,1,1,1,1,1,1,0,1
738:1,1,1,1,1,1,1,1,0,0,1,1,1,1,1,1,1,1,0,0,0,0,1,1,1,1,0,0,0,0,1,1,1,0,0,0,0,0,0,1,0,1,0,1,1,1,0,1,0,1,0,1,1,0,0,1,1,1,1,1,1,1,1,1
739:0,1,1,1,1,0,1,1,0,1,0,1,1,0,1,1,0,0,1,1,0,0,1,1,1,1,0,1,1,0,1,1,1,1,0,0,1,0,0,1,1,0,1,1,0,1,1,1,0,1,1,0,1,1,1,1,1,1,1,1,1,1,1,1
740:1,1,1,1,1,1,1,1,1,0,1,1,1,1,1,1,0,0,1,1,1,1,1,1,1,1,1,0,0,1,1,1,1,1,0,0,0,0,1,1,1,1,0,0,0,0,1,1,1,1,1,0,1,1,1,1,1,1,1,1,1,1,1,1
741:1,1,1,1,1,1,1,1,0,1,1,1,1,1,1,1,0,0,0,0,0,0,0,1,1,1,0,1,1,1,1,1,1,1,0,1,0,1,1,1,1,1,0,1,0,1,1,1,1,1,0,1,1,1,1,1,1,1,0,0,0,0,0,1
742:1,1,1,1,0,1,1,1,0,1,0,1,0,1,0,1,0,0,0,0,0,0,0,1,1,1,0,0,0,0,1,1,1,1,1,0,0,1,1,1,1,0,0,0,0,0,1,1,1,1,1,1,1,0,1,1,1,1,1,1,1,1,1,1
743:1,1,1,1,1,1,1,1,1,1,1,0,1,1,1,1,0,0,1,0,1,1,1,1,0,0,0,0,0,0,0,1,1,1,1,1,1,1,1,1,1,0,0,0,0,0,0,1,1,1,1,0,1,1,0,1,1,1,1,1,1,1,1,1
744:1,1,1,1,1,1,1,1,1,1,1,0,1,1,1,1,1,0,1,0,1,1,1,1,0,0,1,0,1,1,1,1,0,0,0,0,0,0,0,1,1,1,1,0,0,0,1,1,1,1,1,0,1,1,1,1,1,1,1,0,0,0,1,1
745:1,1,1,1,1,1,1,1,1,1,1,0,0,1,1,1,0,1,1,0,0,1,1,1,0,0,0,0,0,0,0,1,1,1,1,0,1,1,1,1,1,0,1,0,0,1,1,1,1,1,1,1,1,0,0,1,1,1,1,1,1,1,1,1
746:1,1,1,1,1,1,1,1,0,0,1,1,1,1,1,1,1,0,1,0,0,1,0,1,1,0,1,1,1,1,1,1,1,0,0,0,0,0,0,1,1,1,0,0,0,0,1,1,1,0,1,1,1,0,0,1,1,1,0,0,0,0,1,1
747:1,1,0,0,1,1,1,1,1,1,1,0,1,1,1,1,0,0,1,1,1,1,1,1,0,0,0,0,0,0,0,1,1,1,1,1,1,1,1,1,1,0,1,1,1,1,1,1,1,1,1,1,1,1,1,1,1,1,1,1,1,1,1,1
748:1,1,1,1,1,1,1,1,0,0,1,1,1,1,1,1,1,1,0,0,0,1,1,1,1,1,0,0,0,1,1,1,0,0,0,0,0,0,0,1,1,1,1,0,1,1,0,1,1,1,1,0,1,1,1,1,1,1,1,1,1,1,1,1
749:1,1,0,0,1,1,1,1,1,1,1,0,1,1,1,1,0,0,1,0,0,1,0,1,1,1,1,0,0,0,1,1,1,1,1,0,0,0,1,1,1,1,1,0,0,0,1,1,1,1,1,0,1,1,1,1,1,1,1,1,1,1,1,1
750:1,1,1,1,1,1,1,1,0,1,1,0,0,1,1,1,1,0,0,0,0,0,0,1,1,1,0,0,0,1,1,1,1,1,1,0,0,1,1,1,1,1,1,1,1,0,1,1,1,1,1,1,1,0,1,1,1,1,1,1,0,0,0,1
751:1,1,1,1,1,0,1,1,1,1,1,1,0,1,1,1,0,0,0,0,0,0,0,1,1,1,1,0,1,1,1,1,1,1,1,0,1,1,1,1,0,1,1,0,0,1,0,1,1,1,1,1,0,1,1,1,1,1,1,1,1,1,1,1
752:0,1,1,1,1,1,1,1,0,1,1,0,1,1,1,1,0,1,0,0,0,1,1,1,0,1,1,0,0,0,1,1,0,1,0,0,0,1,1,1,0,1,1,1,0,0,1,1,0,1,1,0,0,1,1,1,1,0,0,1,0,0,0,1
753:1,0,1,1,1,1,1,1,0,1,1,1,1,1,1,1,0,0,0,0,0,0,0,1,1,1,1,0,0,1,1,1,1,0,0,0,0,0,1,1,1,0,0,0,0,0,0,1,1,0,0,0,0,0,0,1,1,1,1,1,1,1,1,1
754:1,1,1,1,1,1,1,1,1,0,1,1,1,1,1,1,1,0,1,0,1,1,1,1,0,1,1,1,1,1,1,1,0,0,0,0,0,0,0,1,1,1,1,1,1,1,1,1,1,0,0,1,1,0,1,1,1,1,1,1,1,1,1,1
755:1,1,1,1,1,1,1,1,1,0,1,0,1,0,1,1,0,1,1,0,1,0,1,1,0,0,0,0,1,0,1,1,1,0,0,0,1,0,1,1,1,0,1,0,1,0,1,1,1,0,1,0,1,0,1,1,1,0,1,0,1,0,0,1
756:1,1,1,1,1,1,1,1,1,0,1,0,1,0,1,1,0,0,1,0,1,0,1,1,0,0,0,0,0,0,0,1,1,0,1,0,1,1,1,1,1,0,1,0,1,1,1,1,1,0,1,0,1,1,1,1,1,1,1,1,1,1,1,1
757:1,0,1,1,1,0,0,1,0,0,1,1,1,1,1,0,0,0,0,0,0,1,0,1,1,0,1,0,1,1,0,1,1,0,1,0,1,1,0,1,1,0,1,0,1,1,1,0,1,0,1,0,1,1,0,0,1,1,0,1,1,0,1,1
758:1,1,1,1,1,1,1,1,0,1,1,1,1,1,1,1,0,1,1,1,1,1,1,1,0,1,0,0,0,0,1,1,1,0,0,1,1,1,1,1,1,1,1,1,1,1,1,1,1,1,1,1,1,1,1,1,1,1,0,0,0,0,0,1
759:1,1,0,1,1,0,1,1,1,1,0,1,1,0,1,1,1,0,0,1,1,0,1,1,0,0,0,0,0,0,0,1,1,1,0,0,0,0,1,1,1,1,0,1,1,0,1,1,1,1,0,1,1,0,1,1,1,1,1,1,1,1,1,1
760:1,1,1,0,0,1,1,1,1,0,1,1,0,1,1,1,1,0,1,0,0,1,1,1,0,0,1,0,0,0,0,1,1,0,0,1,0,0,1,1,1,1,0,1,1,0,1,1,1,1,0,1,1,0,1,1,1,1,0,1,1,0,1,1
761:1,1,1,1,1,1,1,1,0,0,1,1,1,1,1,1,1,1,0,0,0,0,1,1,1,1,0,0,0,0,1,1,0,0,0,0,0,0,0,1,1,1,0,0,0,1,1,1,1,1,0,1,1,0,1,1,1,1,1,1,1,1,1,1
762:1,1,1,1,1,1,1,1,1,0,1,1,1,1,1,1,1,0,0,0,0,0,1,1,1,1,1,1,1,1,1,1,1,1,1,0,1,1,1,1,1,1,0,0,0,0,1,1,1,1,1,0,0,1,1,1,0,0,0,1,0,1,0,1
763:1,1,1,1,1,0,1,1,1,1,1,1,1,0,0,1,1,1,1,1,0,1,0,1,0,1,0,1,0,1,1,0,0,0,0,0,0,0,0,1,1,1,1,1,1,1,0,1,1,1,1,1,1,0,1,1,1,1,1,1,1,1,1,1
764:1,1,1,1,1,1,1,1,0,1,1,0,1,1,1,1,0,0,0,0,0,0,0,1,1,1,0,0,0,0,1,1,1,1,0,0,0,0,1,1,1,1,1,0,0,1,1,1,1,1,0,1,1,0,1,1,1,1,1,1,1,1,1,1
765:1,1,1,1,1,1,1,1,0,1,1,1,1,1,1,1,0,0,0,0,0,0,0,1,1,0,0,1,1,1,1,1,1,0,0,0,0,0,1,1,1,0,0,1,1,0,0,1,0,1,1,0,0,1,0,1,1,0,0,1,1,0,0,1
766:1,1,1,1,1,1,1,1,0,1,0,0,0,1,1,1,0,0,0,0,0,0,0,1,1,1,1,0,1,1,1,1,1,1,0,0,0,1,1,1,1,1,0,0,0,0,1,1,1,0,1,1,0,0,0,1,1,1,0,1,1,1,1,1
767:0,1,0,0,0,1,1,1,0,1,0,1,0,0,1,1,0,1,0,1,1,0,1,1,0,0,0,0,0,0,0,1,1,1,1,1,1,1,1,1,1,1,1,1,1,0,1,1,1,1,1,1,1,0,1,1,1,1,1,1,1,1,1,1
768:1,1,1,1,1,0,1,1,1,0,1,1,1,0,1,1,0,0,1,1,1,0,1,1,0,0,1,0,0,0,1,1,1,0,0,0,0,0,0,1,1,0,1,1,1,0,1,1,1,0,0,0,1,0,1,1,1,1,0,1,1,1,0,1
769:1,1,0,1,1,1,1,1,1,1,0,1,1,1,1,1,0,0,0,1,0,0,1,1,1,0,0,1,0,0,1,1,1,1,0,0,0,0,1,1,1,1,0,1,0,1,1,1,1,1,0,1,0,1,1,1,1,1,1,1,1,1,1,1
770:1,1,1,1,1,1,1,1,0,0,1,1,0,0,1,1,1,0,1,1,0,0,0,1,1,1,0,1,1,1,1,1,0,0,1,0,0,0,0,1,0,1,1,1,1,1,1,1,0,1,0,0,1,1,1,1,1,0,1,1,0,0,0,1
771:0,1,1,1,1,1,0,1,0,1,0,1,0,1,0,1,0,0,1,1,1,1,1,1,0,1,0,1,0,1,0,1,0,1,0,1,0,1,1,1,0,1,1,1,1,1,0,1,0,0,1,0,1,1,0,1,1,1,0,1,1,1,0,1
772:1,1,0,0,1,0,1,1,0,0,1,1,1,0,1,1,0,0,1,1,0,0,1,1,0,0,0,0,0,0,0,1,1,0,1,1,0,0,1,1,1,0,0,0,0,0,1,1,1,0,1,1,0,0,1,1,1,1,1,1,1,1,0,1
773:1,1,1,1,1,1,1,1,0,0,1,0,0,1,0,1,1,1,1,0,0,1,1,1,1,1,0,0,0,1,1,1,1,0,1,1,0,0,1,1,1,0,1,1,1,0,1,1,1,0,1,1,1,0,1,1,1,1,1,1,1,1,1,1
774:0,1,1,1,0,1,1,1,0,1,1,1,1,1,1,1,0,0,0,0,0,0,0,1,1,1,1,1,1,1,1,1,1,1,0,1,1,1,1,1,1,1,0,1,1,1,1,1,1,1,0,1,1,1,1,1,1,1,1,1,1,1,1,1
775:0,1,1,1,1,1,1,1,0,1,0,0,0,1,1,1,0,1,1,1,1,1,1,1,0,0,0,0,0,0,0,1,1,1,1,0,1,1,1,1,1,1,0,0,0,1,1,1,1,0,1,1,1,0,1,1,1,1,1,1,1,1,1,1
776:0,1,1,1,1,0,1,1,0,1,0,0,1,0,1,1,0,1,0,0,1,0,1,1,0,1,1,1,1,0,1,1,0,0,0,0,0,0,1,1,1,1,1,1,1,0,1,1,1,1,1,1,1,0,1,1,1,1,1,1,1,1,0,1
777:1,1,1,1,1,1,1,1,1,0,1,1,1,1,1,1,0,0,0,0,0,0,0,1,1,1,1,0,1,0,1,1,1,1,1,0,1,0,1,1,1,1,1,0,1,0,1,1,1,1,1,1,1,1,1,1,1,0,0,0,0,0,0,1
778:1,1,1,0,0,1,1,1,0,1,1,0,0,0,1,1,0,1,1,0,0,1,0,1,1,1,1,0,1,1,1,1,1,0,1,0,0,0,1,1,1,0,1,0,1,1,1,1,1,0,1,0,1,1,1,1,1,1,0,1,0,0,1,1
779:0,1,1,1,0,0,1,1,0,1,0,1,1,0,1,1,0,1,0,1,1,1,1,1,0,0,0,0,0,0,1,1,1,1,1,0,0,1,1,1,1,1,1,1,0,0,0,1,1,1,1,1,1,1,0,1,1,1,1,1,1,1,1,1
780:0,1,1,0,0,1,1,1,0,1,1,0,0,1,1,1,0,0,0,1,0,1,0,1,1,1,1,1,1,0,1,1,0,0,0,0,1,1,0,1,1,1,0,0,1,1,0,1,1,1,1,1,1,0,1,1,1,1,1,1,1,1,1,1
781:1,1,1,1,1,1,1,1,0,1,1,1,1,1,1,1,0,0,0,0,0,0,0,1,1,1,0,1,1,1,1,1,1,0,0,0,0,0,1,1,1,1,1,1,1,1,1,1,0,0,0,0,0,0,0,1,1,1,1,1,1,1,1,1
782:1,1,1,1,1,1,1,1,0,0,0,1,1,0,1,1,0,0,0,1,1,0,1,1,1,1,0,1,1,0,0,1,1,0,0,1,1,0,1,1,1,1,0,0,1,1,1,1,1,1,1,1,1,0,1,1,1,1,1,1,1,1,0,1
783:1,1,1,1,1,1,1,1,0,1,1,0,0,1,1,1,0,1,0,0,0,1,1,1,0,1,1,0,1,1,1,1,0,0,0,0,0,0,0,1,1,1,0,0,0,0,1,1,1,1,1,1,1,0,1,1,1,1,1,1,1,0,1,1
784:1,1,1,1,1,1,1,1,0,0,1,1,1,1,1,1,0,0,0,0,0,0,0,1,1,1,1,1,1,1,1,1,1,0,1,0,0,1,0,1,1,1,1,0,0,1,1,1,1,1,0,1,1,0,1,1,1,0,1,1,1,1,0,1
785:1,0,0,0,0,0,0,1,1,0,1,0,0,1,0,1,0,0,1,0,0,1,0,1,0,0,0,0,0,0,0,1,1,0,1,0,0,1,0,1,1,0,1,0,0,1,0,1,1,0,0,0,0,0,0,1,1,1,0,1,1,0,1,1
786:1,1,1,1,1,1,1,1,0,1,1,1,1,0,0,1,0,0,0,0,0,1,1,0,1,0,1,0,1,1,0,1,1,0,0,0,1,1,0,1,1,0,0,0,1,1,1,0,1,0,1,0,1,1,1,0,1,1,0,1,1,0,0,1
787:1,1,0,1,1,1,1,1,0,1,0,0,0,0,0,1,0,1,0,1,0,1,0,1,0,0,0,0,0,0,0,1,1,1,0,0,0,1,1,1,1,1,0,1,1,0,1,1,1,0,1,1,1,0,1,1,1,1,1,1,1,1,1,1
788:1,1,1,1,1,1,1,1,0,0,0,0,0,0,0,1,1,1,1,1,1,1,1,1,1,1,1,1,1,0,1,1,1,1,1,1,1,0,1,1,1,1,1,1,1,1,1,1,1,0,0,0,0,1,0,1,1,1,1,1,1,0,1,1
789:1,1,1,1,1,1,1,1,0,0,0,0,0,0,0,1,1,1,1,0,1,1,1,1,1,1,1,0,1,1,1,1,1,0,0,0,0,0,0,1,1,1,1,0,1,0,1,1,1,1,1,0,1,1,1,1,1,1,1,1,1,1,1,1
790:1,1,1,1,1,1,1,1,0,0,0,0,0,0,0,1,1,1,1,1,1,1,1,1,1,1,0,1,1,0,1,1,1,0,0,0,0,0,0,1,1,1,0,0,0,0,1,1,1,1,0,1,1,0,1,1,1,1,1,1,1,1,1,1
791:1,1,1,1,1,1,1,1,0,1,0,1,1,0,1,1,0,0,0,0,0,0,0,1,1,1,0,1,1,0,1,1,0,1,0,1,1,0,1,1,0,0,0,0,0,0,0,1,1,1,0,1,1,0,1,1,1,1,1,1,1,0,1,1
792:1,1,1,1,1,1,1,1,0,0,0,0,0,0,0,1,1,1,1,1,0,0,1,1,1,0,1,1,0,0,1,1,0,0,1,1,0,0,0,1,1,1,0,1,0,1,0,1,1,0,0,0,0,1,0,1,1,1,1,1,0,0,0,1
793:1,1,1,1,1,1,1,1,1,0,1,1,1,0,1,1,0,0,1,1,0,1,1,1,0,0,1,0,1,1,0,1,0,0,0,0,1,0,0,1,1,0,1,1,1,1,0,1,1,0,1,1,0,0,1,1,1,0,1,1,1,0,1,1
794:1,1,1,1,1,1,1,1,0,1,1,1,1,0,1,1,0,1,0,0,0,0,0,1,0,1,1,0,1,0,1,1,0,1,0,0,0,0,0,1,0,1,1,0,1,0,1,1,0,1,1,1,1,0,1,1,0,0,0,0,0,0,0,1
795:1,1,1,1,1,1,1,1,0,0,0,0,0,1,0,1,1,0,1,0,0,0,0,1,0,1,0,0,0,1,0,1,1,0,1,0,1,0,0,1,1,0,0,0,0,0,0,1,1,1,1,1,1,1,0,1,1,1,1,1,1,1,1,1
796:1,1,1,1,1,1,1,1,0,1,1,0,0,1,1,1,0,1,1,0,0,1,1,1,0,1,0,0,0,0,0,1,1,1,1,1,1,1,1,1,1,1,1,1,0,1,1,1,1,1,0,1,0,1,1,1,1,1,0,1,0,0,0,1
797:1,1,1,1,1,1,1,1,1,0,1,1,1,0,1,1,1,0,0,1,1,0,1,1,0,1,0,1,1,0,1,1,0,0,0,0,0,0,0,1,1,1,0,1,1,0,1,1,1,0,1,1,1,0,1,1,0,1,1,1,1,1,0,1
798:1,1,1,1,1,1,0,1,0,1,1,1,1,0,1,1,0,0,0,0,0,0,0,1,1,1,1,1,1,0,1,1,1,0,0,1,0,1,0,1,1,1,1,1,0,1,1,1,1,0,0,1,0,1,1,1,1,1,1,1,1,1,1,1
799:1,1,1,1,1,1,1,1,0,0,0,0,0,0,0,1,1,1,0,0,0,1,1,1,1,1,0,0,0,0,1,1,1,0,1,1,1,0,1,1,1,0,1,1,1,0,1,1,1,0,1,1,1,0,0,1,1,1,1,1,1,1,1,1
800:0,1,1,1,1,1,1,1,0,0,0,0,0,0,0,1,1,1,0,1,0,1,1,1,1,1,1,1,1,1,1,1,0,0,0,0,0,0,0,1,1,1,1,0,1,1,0,1,1,1,1,0,1,1,1,1,1,1,1,1,1,1,1,1
801:0,1,1,0,0,1,1,1,0,1,1,0,0,1,1,1,0,1,0,0,0,0,0,1,1,1,0,0,1,1,1,1,1,1,1,0,1,1,1,1,1,1,0,0,0,1,1,1,1,0,1,1,1,0,1,1,1,1,1,1,1,1,1,1
802:0,1,1,1,1,1,1,1,0,1,1,1,0,0,1,1,0,1,1,1,0,0,1,1,0,0,0,1,0,0,0,1,1,1,1,1,1,1,1,1,0,0,0,1,1,0,0,1,1,0,1,1,1,1,1,1,1,1,1,1,1,1,1,1
803:1,1,1,1,1,1,1,1,0,1,0,1,1,0,1,1,0,1,0,1,1,0,1,1,0,1,0,1,1,0,1,1,0,0,0,0,0,0,0,1,1,1,1,0,1,1,1,1,1,0,0,0,0,0,1,1,1,1,1,0,1,1,1,1
804:1,1,1,1,1,1,1,1,1,0,1,1,1,1,1,1,0,0,0,0,0,0,0,1,1,1,1,0,0,1,1,1,1,1,1,0,0,1,1,1,1,1,1,1,1,1,1,1,1,0,1,1,1,0,1,1,1,1,1,1,1,1,1,1
805:1,1,1,1,1,0,1,1,0,1,1,1,1,0,1,1,0,0,0,0,0,0,0,1,1,1,0,1,1,0,1,1,1,0,0,0,1,0,0,1,1,1,0,1,1,1,1,1,1,0,1,0,1,1,1,1,1,1,1,1,1,1,1,1
806:1,0,1,1,1,1,1,1,0,0,1,1,1,1,1,1,0,0,0,0,0,0,0,1,1,1,1,1,1,1,1,1,1,0,0,1,1,0,1,1,1,0,1,1,1,0,0,1,1,0,0,1,1,0,1,1,1,1,1,1,1,1,1,1
807:1,1,1,1,1,1,1,1,1,0,0,0,0,1,1,1,1,0,0,0,0,0,1,1,0,0,1,0,0,1,0,1,1,1,0,0,0,1,1,1,1,1,0,1,1,0,1,1,1,1,0,1,0,0,1,1,1,1,1,1,1,1,1,1
808:1,1,1,1,1,1,1,1,0,0,0,0,0,0,0,1,1,0,1,1,1,1,1,1,1,1,0,0,0,0,1,1,1,1,1,1,1,1,1,1,1,0,0,1,0,1,1,1,1,1,0,1,1,0,1,1,1,1,1,1,1,0,1,1
809:1,0,1,1,1,1,1,1,0,0,1,0,0,1,1,1,1,0,0,0,0,0,0,1,1,0,1,0,0,0,0,1,1,1,1,1,1,1,1,0,1,1,0,0,0,1,1,0,1,1,0,0,0,1,1,0,1,1,1,1,1,1,1,1
810:1,1,1,1,1,1,1,1,0,1,0,1,1,1,1,1,0,1,0,1,1,1,1,1,0,1,0,1,1,1,1,1,1,0,1,0,1,1,0,1,1,1,1,1,1,1,1,1,1,1,0,1,1,1,1,1,1,1,0,1,1,1,1,1
811:1,1,0,1,1,0,1,1,1,1,0,1,1,0,1,1,0,1,0,1,1,0,1,1,0,0,0,0,0,0,0,1,1,1,0,1,1,0,1,1,1,1,0,1,1,0,1,1,1,1,0,1,1,0,1,1,1,1,1,1,1,1,1,1
812:1,1,1,1,1,1,1,1,0,0,1,0,0,1,1,1,1,1,1,0,0,1,0,1,1,1,0,0,0,0,1,1,1,1,1,0,0,1,1,1,1,1,0,1,0,0,1,1,1,1,1,0,0,1,1,1,1,1,1,1,1,1,1,1
813:1,1,1,1,1,1,1,1,0,0,1,1,0,1,1,1,0,0,0,0,0,1,1,1,1,0,0,1,1,0,1,1,1,0,0,1,1,0,0,1,1,1,1,0,1,1,0,1,1,1,1,0,1,1,0,1,1,1,1,0,1,1,1,1
814:1,1,1,1,1,1,1,1,0,1,1,0,0,1,1,1,0,1,0,0,0,1,1,1,0,1,0,0,0,0,1,1,0,1,1,0,1,1,1,1,0,0,0,0,0,0,0,1,1,1,1,1,1,1,1,1,1,1,0,0,0,0,1,1
815:1,1,1,1,1,1,1,1,1,1,0,1,0,1,1,1,0,1,1,1,0,1,1,1,0,0,0,0,0,1,1,1,1,1,1,1,0,1,1,1,1,1,1,0,0,0,1,1,1,1,1,1,0,1,1,1,1,1,1,1,0,1,1,1
816:1,1,1,1,1,1,1,1,0,1,0,0,0,1,1,1,0,1,1,0,1,1,1,1,0,0,0,0,0,0,0,1,1,1,1,1,1,1,1,1,1,0,1,0,0,0,0,1,1,1,1,0,1,1,0,1,1,1,1,1,1,1,0,1
817:0,1,1,0,1,1,1,1,0,1,0,0,0,1,1,1,0,1,1,0,0,1,1,1,1,0,0,0,0,0,0,1,1,1,0,0,0,0,1,1,1,1,1,0,0,1,1,1,1,1,0,1,0,1,1,1,1,1,1,1,1,1,1,1
818:1,1,1,1,1,1,1,1,0,0,1,1,1,1,1,1,1,1,1,1,1,1,1,1,1,1,1,1,1,1,1,1,1,1,1,1,1,1,1,1,1,1,1,1,1,1,1,1,1,0,1,1,1,1,1,1,1,0,1,0,1,1,1,1
819:1,1,1,1,1,1,1,1,0,1,1,1,1,1,1,1,1,1,1,0,1,1,0,1,1,1,1,1,1,1,1,1,0,0,0,0,0,0,1,1,0,1,1,1,1,1,1,1,0,0,1,1,1,1,1,1,1,0,1,1,1,0,1,1
820:1,1,1,1,1,1,1,1,0,1,1,1,1,1,1,1,0,0,0,0,0,0,0,1,1,1,0,1,1,0,1,1,1,1,0,1,1,0,1,1,1,0,0,1,0,0,1,1,1,1,1,0,1,1,0,1,1,0,0,1,1,0,1,1
821:1,1,1,1,1,1,1,1,0,0,1,1,1,1,1,1,1,1,0,0,0,0,1,1,1,1,0,1,0,1,1,1,0,0,0,0,0,0,0,0,1,1,0,0,0,1,1,0,1,1,1,1,1,1,1,0,1,1,1,1,1,1,1,1
822:1,1,1,1,1,1,1,1,0,0,0,1,1,1,1,1,1,0,1,0,1,1,1,1,1,0,1,0,0,0,0,1,1,1,0,0,0,0,0,1,1,1,1,0,1,1,1,1,1,1,1,0,1,1,1,1,0,0,0,0,0,0,0,1
823:1,1,1,1,1,1,1,1,0,1,0,1,0,1,1,1,0,1,1,0,1,1,1,1,0,1,1,0,1,1,1,1,1,1,1,0,0,1,1,1,1,1,0,0,0,1,1,1,1,0,0,0,0,0,1,1,1,1,1,0,1,1,1,1
824:1,1,1,1,1,1,1,1,0,1,0,1,1,0,1,1,0,0,0,1,1,0,1,1,1,1,1,1,0,0,0,1,1,1,1,1,1,1,0,1,0,1,0,1,1,0,1,1,0,0,0,1,1,0,1,1,1,1,0,1,0,0,0,1
825:1,1,1,1,0,0,0,1,1,1,1,0,0,1,0,1,0,0,0,1,0,1,0,1,0,0,0,0,1,1,0,1,1,0,0,0,0,1,0,1,1,0,0,1,0,1,1,0,1,1,1,0,0,1,0,1,1,1,1,1,1,1,1,1
826:1,1,1,1,1,1,1,1,0,0,1,0,0,1,0,1,1,0,0,0,0,0,0,1,1,0,0,1,1,0,0,1,1,1,0,0,0,1,1,1,1,1,1,0,0,1,1,1,1,1,0,1,1,0,1,1,1,1,1,1,1,1,1,1
827:1,0,1,0,0,0,1,1,0,0,0,0,1,0,1,1,0,0,0,0,0,0,0,1,1,1,0,0,1,0,1,1,1,1,0,0,1,0,1,1,0,0,0,0,0,0,0,1,1,1,1,1,1,1,0,1,1,1,1,1,1,1,1,1
828:1,1,1,1,1,1,1,1,0,1,1,1,1,1,1,1,0,0,0,0,0,0,0,1,1,1,1,1,1,1,1,1,1,1,1,1,0,1,1,1,1,0,0,1,0,0,1,1,1,0,1,1,0,1,1,1,1,0,0,1,0,0,1,1
829:0,1,1,0,1,1,1,1,0,1,0,0,0,1,1,1,0,1,1,0,0,1,1,1,0,1,0,0,0,1,0,1,0,1,1,0,1,1,1,1,0,1,0,0,0,1,1,1,0,0,1,0,0,0,0,1,1,1,1,0,1,1,1,1
830:1,1,1,1,1,1,1,1,1,1,0,1,1,1,1,1,0,0,0,0,0,1,1,1,0,0,0,0,0,0,0,1,1,1,0,1,0,1,0,1,1,1,0,1,0,1,1,1,1,1,0,1,1,1,1,1,0,0,0,0,0,0,0,1
831:1,1,1,1,1,1,1,1,0,1,1,1,1,1,1,1,0,0,0,0,0,0,0,1,1,1,1,0,0,1,1,1,1,0,0,0,0,1,0,0,1,1,1,1,1,1,1,0,1,1,0,0,0,1,1,0,1,1,1,1,1,1,1,0
832:1,1,1,0,1,1,1,1,1,1,1,0,1,0,1,1,0,1,1,0,1,1,1,1,0,0,0,0,0,0,0,1,1,1,1,0,0,1,1,1,1,1,0,1,0,0,1,1,1,1,1,0,0,1,1,1,1,1,1,1,1,1,1,1
833:1,1,1,1,1,1,1,1,0,1,0,1,1,0,1,1,0,0,0,1,1,0,0,1,0,1,0,0,0,0,0,1,0,1,0,0,0,0,1,1,0,1,0,1,1,0,1,1,0,1,1,1,1,1,1,1,0,0,0,0,0,0,0,1
834:0,1,1,1,1,0,0,1,0,1,1,1,1,1,0,0,0,0,0,1,1,1,0,1,0,1,1,1,1,1,0,1,1,0,0,0,1,1,0,1,1,1,1,1,1,1,1,0,0,1,1,0,1,1,0,1,1,1,1,1,1,0,1,1
835:1,1,1,1,1,1,1,1,0,1,1,1,1,1,1,1,0,0,0,0,0,0,0,1,1,0,1,1,1,1,1,1,1,0,0,0,0,0,0,1,1,1,1,1,1,1,0,1,1,0,0,0,0,1,0,1,1,1,1,1,1,1,1,1
836:1,1,0,0,0,1,1,1,0,0,0,1,0,1,1,1,1,0,0,1,0,0,1,1,1,1,0,1,0,1,1,1,1,1,0,1,0,1,1,1,0,0,0,0,0,0,0,1,1,1,1,1,1,1,0,1,1,1,1,1,1,1,1,1
837:1,1,1,1,1,1,1,1,1,1,1,0,0,1,1,1,0,1,1,0,0,1,1,1,0,0,0,0,0,0,0,1,1,1,0,0,0,0,1,1,0,0,1,0,1,1,0,1,0,1,1,1,1,1,0,1,1,0,0,0,0,0,1,1
838:1,1,1,1,1,1,1,1,1,1,1,1,1,1,1,1,1,0,0,0,1,0,1,1,0,1,0,0,0,0,1,1,0,0,0,0,0,0,0,1,1,1,1,1,1,1,1,1,1,1,1,1,1,1,1,1,1,1,1,1,1,1,0,1
839:1,1,1,1,1,1,1,1,0,1,1,1,1,0,0,1,0,0,0,0,1,1,1,0,1,0,0,1,1,1,0,1,1,0,0,1,1,1,0,1,0,0,0,0,1,1,1,0,1,1,1,0,1,1,1,0,1,1,1,1,1,0,0,1
840:1,1,1,1,1,1,1,1,0,1,1,1,1,0,1,1,0,1,0,0,1,0,1,1,0,1,0,0,1,0,1,1,0,1,0,1,1,0,1,1,0,0,0,0,0,0,1,1,1,1,1,1,1,0,1,1,1,1,1,1,1,0,0,1
841:1,1,1,1,1,1,1,1,0,1,0,0,0,0,1,1,0,1,0,1,0,1,1,1,0,1,0,1,1,1,1,1,1,1,1,0,0,1,1,1,1,1,0,1,0,1,1,1,1,0,1,1,1,0,1,1,1,1,1,1,1,0,1,1
842:1,1,1,1,1,1,1,1,0,0,0,0,0,0,0,1,1,1,1,1,1,1,1,1,1,0,1,1,1,0,1,1,0,0,1,1,1,1,1,1,1,1,0,1,1,0,1,1,1,0,0,1,1,1,1,1,1,1,0,1,1,1,1,1
843:1,1,1,1,1,1,1,1,0,0,1,1,1,1,1,1,0,0,0,0,0,0,0,1,1,1,1,0,1,0,1,1,1,0,1,0,0,0,0,1,0,0,0,0,0,0,0,1,1,0,1,1,0,0,1,1,1,1,1,0,1,0,1,1
844:1,0,1,0,0,1,1,1,0,0,1,1,1,1,1,1,0,0,0,0,0,0,0,1,1,1,0,1,1,0,1,1,1,0,0,1,1,0,1,1,1,1,0,1,1,0,1,1,1,1,0,0,0,1,1,1,1,1,1,1,1,1,1,1
845:1,1,1,1,1,1,1,1,0,0,0,0,0,0,0,1,1,1,1,1,1,1,1,1,1,0,1,0,1,1,1,1,1,1,1,0,0,1,1,1,1,1,0,1,1,0,1,1,1,0,0,1,1,0,1,1,1,1,1,1,1,1,1,1
846:1,1,0,0,1,1,1,1,1,1,1,1,1,1,1,1,0,0,0,0,0,0,0,1,1,1,1,1,1,1,1,1,1,1,1,1,1,1,1,1,1,0,1,1,1,0,1,1,1,0,1,0,1,0,1,1,1,1,1,1,1,1,1,1
847:1,0,1,1,1,1,1,1,0,0,1,1,1,1,1,1,1,0,0,0,0,0,0,1,1,1,0,1,1,1,1,1,0,0,0,0,0,0,1,1,1,1,1,0,0,1,0,1,1,1,1,1,1,1,0,1,1,1,1,1,1,1,1,1
848:1,1,1,0,1,1,1,1,1,1,1,0,1,1,1,1,0,1,1,1,1,0,1,1,0,1,0,0,1,0,0,1,0,0,0,0,1,0,1,1,1,1,1,0,1,0,0,1,1,1,1,0,1,1,1,1,1,1,1,1,1,1,1,1
849:1,1,0,1,1,1,1,1,0,0,0,1,1,1,0,1,1,1,0,1,1,1,1,1,1,1,0,0,0,1,1,1,1,1,1,1,1,1,1,1,1,0,1,1,1,0,1,1,1,0,1,0,1,0,1,1,1,1,1,1,1,1,1,1
850:1,0,1,1,1,1,1,1,1,0,0,0,0,0,1,1,1,1,1,0,1,1,1,1,1,0,1,0,1,1,1,1,0,0,0,0,0,0,0,1,1,0,1,0,1,0,1,1,1,1,1,0,1,1,1,1,1,1,1,1,1,1,1,1
851:1,1,1,1,1,1,1,1,0,0,0,1,1,0,0,1,1,1,1,0,0,1,1,1,1,0,0,0,0,0,1,1,0,1,1,1,1,1,0,1,0,1,1,1,1,1,0,1,1,0,0,0,1,0,0,1,1,1,1,0,0,1,1,1
852:1,1,1,1,1,1,1,1,0,1,1,1,1,0,0,1,0,1,0,1,1,0,1,1,0,0,1,0,1,0,0,1,0,0,1,0,1,0,1,1,0,1,0,1,1,0,1,1,0,1,1,1,1,0,1,1,0,0,0,0,0,0,0,1
853:1,1,1,1,1,1,1,1,0,1,0,1,1,1,1,1,0,1,0,1,1,1,1,1,0,1,0,0,0,0,1,1,0,1,1,1,1,1,1,1,0,1,0,0,0,0,1,1,0,1,1,1,1,1,1,1,0,0,0,0,0,0,0,1
854:0,1,1,1,1,1,1,1,0,1,0,0,0,1,1,1,0,0,0,0,0,0,0,1,1,1,1,1,1,1,1,1,1,0,0,1,0,1,1,1,1,0,0,0,0,0,1,1,1,1,0,1,0,1,1,1,1,1,1,1,1,1,1,1
855:1,1,1,1,1,1,1,1,1,0,1,1,0,0,1,1,1,0,1,1,1,0,1,1,0,1,0,1,1,1,1,1,0,0,0,0,0,0,0,1,1,1,0,1,1,0,1,1,1,0,1,1,1,0,1,1,1,1,1,1,0,1,1,1
856:0,1,1,1,1,1,1,1,0,1,0,0,0,1,1,1,0,0,0,0,0,0,0,1,1,1,1,1,1,1,1,1,0,0,0,1,1,1,1,1,1,0,1,1,1,1,1,1,1,0,0,1,1,0,1,1,1,1,1,1,1,1,1,1
857:1,1,1,1,1,1,1,1,0,1,1,0,0,1,1,1,0,1,1,1,1,1,1,1,0,1,0,0,0,0,1,1,0,1,0,1,1,0,1,1,0,1,0,0,0,0,1,1,0,1,1,1,1,1,1,1,0,0,0,0,0,0,0,1
858:1,1,0,1,1,1,1,1,0,1,0,1,1,0,1,1,0,1,0,1,1,0,1,1,0,1,0,1,1,0,0,1,0,0,0,0,0,0,1,1,1,1,0,1,1,1,1,1,1,1,0,1,1,0,1,1,1,1,1,1,1,1,0,1
859:0,1,1,1,1,1,1,1,0,1,0,0,0,0,1,1,0,1,0,0,0,0,1,1,0,0,0,0,0,0,0,1,1,0,0,1,1,1,1,1,1,0,0,1,1,1,1,1,1,1,1,1,1,0,0,1,1,1,1,1,1,1,1,1
860:1,1,1,0,0,1,1,1,1,1,1,1,0,1,1,1,0,1,1,1,1,1,1,1,0,1,0,0,0,1,0,1,1,1,0,0,0,0,1,1,1,1,1,0,1,0,1,1,1,1,1,1,1,0,1,1,1,1,1,1,1,1,1,1
861:1,1,1,1,1,1,1,1,0,0,0,0,0,0,0,1,1,1,0,1,0,0,1,1,1,1,1,1,1,1,1,1,1,0,0,1,1,1,0,1,1,1,1,1,1,1,1,1,1,1,0,0,0,0,1,1,1,0,1,0,1,1,0,1
862:0,1,0,0,0,1,1,1,0,1,0,1,0,1,1,1,0,1,0,1,0,0,1,1,0,0,0,0,0,0,0,1,1,0,0,1,0,0,1,1,1,1,0,0,0,1,1,1,1,1,0,0,0,1,1,1,1,1,1,1,1,1,1,1
863:1,1,1,1,1,1,1,1,1,0,0,0,0,1,1,1,1,1,1,0,0,0,1,1,0,0,0,0,0,0,0,1,1,1,0,1,1,1,1,1,1,1,1,0,1,0,1,1,1,1,1,0,1,1,1,1,1,1,1,1,1,1,1,1
864:1,1,1,1,1,1,1,1,0,1,1,0,0,1,1,1,0,1,0,0,0,1,0,1,1,1,1,1,1,1,1,1,1,1,1,1,1,1,1,1,1,0,0,0,0,0,0,1,1,0,1,0,1,0,1,1,1,1,1,1,1,1,1,1
865:0,1,1,0,1,1,1,1,0,1,1,0,0,1,1,1,1,0,0,0,0,0,0,1,1,1,1,1,1,1,1,1,1,1,1,1,1,1,1,1,0,0,0,0,0,0,0,1,1,1,1,1,1,1,0,0,1,1,1,1,1,1,1,1
866:0,1,0,0,0,0,1,1,0,1,1,0,1,1,1,1,0,1,0,0,0,0,1,1,0,1,1,0,1,1,1,1,0,1,1,0,0,1,1,1,1,1,1,1,1,1,1,1,1,1,1,1,1,1,1,1,1,0,1,1,1,0,0,1
867:0,1,1,1,1,1,1,1,0,1,0,1,1,0,1,1,0,1,0,1,1,0,1,1,0,1,1,1,1,1,1,1,0,0,0,0,0,0,0,1,1,0,1,1,1,1,1,1,1,0,0,1,1,1,1,1,1,1,0,1,0,1,1,1
868:1,1,1,1,1,1,1,1,0,1,1,1,1,1,1,1,0,0,0,0,0,0,0,1,1,1,1,0,0,0,1,1,1,0,1,1,1,0,1,1,0,1,1,1,1,0,1,1,1,1,1,1,1,0,1,1,0,0,0,0,0,0,0,1
869:0,1,1,0,1,1,1,1,0,1,1,0,0,1,1,1,0,0,0,0,0,0,0,1,1,1,1,1,1,0,1,1,1,0,0,1,1,0,0,1,1,1,0,1,1,1,0,1,1,1,0,1,1,1,0,1,1,1,1,1,1,1,1,1
870:1,1,1,1,1,1,1,1,0,1,0,1,0,1,1,1,0,1,0,0,0,0,1,1,0,0,0,0,0,0,0,1,1,1,1,1,1,1,1,1,1,0,1,1,0,1,1,1,1,0,1,1,0,0,1,1,1,0,1,1,1,0,1,1
871:1,1,1,1,1,1,1,1,0,1,0,0,0,1,1,1,0,0,0,0,0,0,0,1,1,1,1,1,1,1,1,1,1,0,1,1,1,1,1,1,1,1,1,1,1,1,1,1,1,1,0,1,1,0,1,1,1,0,1,1,1,1,1,1
872:1,1,1,0,1,1,1,1,0,1,0,0,0,1,1,1,0,1,1,0,0,0,0,1,1,1,1,1,1,1,1,1,0,1,1,0,1,1,1,1,0,1,0,0,0,1,1,1,1,1,1,0,0,0,1,1,1,1,1,1,1,1,1,1
873:1,1,1,1,1,1,1,1,1,0,0,0,1,1,0,1,0,1,0,1,0,1,1,1,0,0,0,1,0,0,0,1,1,1,0,1,1,0,0,1,1,0,0,0,1,1,1,1,1,0,1,0,1,1,1,1,1,1,0,1,1,1,1,1
874:1,1,1,1,1,1,1,1,0,1,0,0,0,0,1,1,0,1,0,0,0,0,1,1,0,1,0,1,1,1,1,1,0,0,0,0,0,0,0,1,1,1,0,0,0,1,1,1,1,0,1,1,1,0,1,1,1,1,0,0,0,0,1,1
875:1,1,1,1,1,1,1,1,1,1,1,0,0,1,1,1,1,1,0,0,0,1,1,1,0,1,1,0,0,1,1,1,0,0,0,0,0,0,0,1,1,1,0,0,0,1,1,1,1,1,1,0,0,1,1,1,1,0,0,0,0,0,1,1
876:0,1,0,0,0,1,1,1,0,1,1,1,1,1,1,1,1,0,0,1,0,0,0,1,1,1,0,1,1,1,1,1,0,0,0,0,1,0,1,1,0,0,1,0,1,0,1,1,1,0,0,1,1,0,1,1,1,1,1,1,1,1,0,1
877:0,1,1,1,1,1,1,1,0,0,1,1,1,0,1,1,0,1,1,1,1,0,1,1,0,1,1,0,1,1,1,1,0,0,0,0,0,0,0,1,1,1,1,0,1,1,1,1,1,1,1,0,0,1,1,1,1,1,1,1,0,0,1,1
878:1,0,0,0,0,0,0,1,0,0,1,1,0,1,1,1,0,0,1,0,0,1,0,1,0,0,0,0,0,0,0,1,1,1,0,0,0,0,1,1,1,1,1,1,1,0,1,1,1,1,1,1,1,0,1,1,1,1,1,1,1,1,1,1
879:0,1,0,1,0,1,1,1,0,1,0,0,0,0,1,1,0,1,0,0,0,0,1,1,0,0,0,1,1,1,0,1,1,1,0,0,0,1,1,1,1,1,1,1,0,1,1,1,1,1,1,1,0,1,1,1,1,1,1,0,1,1,1,1
880:0,1,0,1,0,1,1,1,0,1,0,0,0,0,1,1,0,1,0,1,1,1,1,1,0,1,0,0,0,0,0,1,1,1,1,1,1,1,1,1,1,1,1,1,1,1,1,1,1,0,1,1,1,0,1,1,1,1,1,1,1,1,1,1
881:1,1,1,1,1,0,1,1,1,1,1,1,1,0,1,1,0,1,1,1,1,0,1,1,0,1,1,1,1,0,1,1,0,0,0,1,0,0,0,1,1,0,1,1,1,1,0,1,1,1,1,1,1,1,0,1,1,1,1,1,1,1,0,1
882:1,1,1,1,1,1,1,1,0,0,1,1,1,1,1,1,0,0,0,0,0,0,0,1,1,1,1,1,1,1,1,1,1,1,1,0,1,1,1,1,1,0,0,0,0,0,0,1,1,0,1,1,1,1,0,1,1,0,0,0,0,0,0,1
883:1,1,1,1,1,1,1,1,0,1,0,0,0,1,1,1,0,0,0,0,0,0,0,1,1,1,0,0,0,0,1,1,1,1,0,0,0,0,1,1,1,1,0,0,0,1,1,1,1,0,1,1,1,0,1,1,1,1,0,0,0,0,1,1
884:0,1,1,1,0,0,0,1,0,1,0,1,1,1,0,1,0,0,0,0,0,0,0,1,1,1,1,1,1,0,1,1,1,0,0,1,1,0,1,1,1,0,0,1,1,1,1,1,1,1,0,1,0,0,1,1,1,1,1,1,1,0,1,1
885:1,1,1,1,1,1,1,1,0,1,1,0,0,1,1,1,1,1,1,0,0,1,0,1,1,1,1,0,0,1,1,1,0,1,0,1,1,0,1,0,0,1,1,1,0,1,1,1,1,1,1,0,0,1,1,1,1,1,1,1,1,1,1,1
886:1,1,1,1,1,1,1,1,0,1,1,0,1,1,1,1,0,1,1,0,0,1,1,1,0,0,0,0,0,0,0,1,1,1,1,1,1,1,1,1,0,1,1,0,0,1,1,1,0,1,1,0,0,1,1,1,0,0,0,0,0,0,0,1
887:1,1,1,1,1,1,1,1,1,1,0,1,0,1,1,1,0,0,0,0,0,0,0,1,1,1,1,1,1,1,1,1,0,0,0,0,0,1,0,1,1,1,0,1,0,1,0,1,1,1,0,1,0,1,1,1,1,1,0,1,0,1,1,1
888:0,1,1,1,1,1,1,1,0,0,0,0,0,0,0,1,1,1,1,1,1,1,1,1,1,0,0,1,0,0,1,1,0,0,0,0,0,0,0,1,1,0,0,1,0,0,0,1,1,1,1,1,0,0,1,1,1,1,1,1,1,1,1,1
889:1,1,1,1,1,1,1,1,1,1,1,0,0,1,1,1,1,1,0,0,0,1,1,1,1,1,0,0,0,1,1,1,0,0,0,0,0,1,0,1,1,1,0,0,0,1,1,1,1,1,0,0,0,0,1,1,1,1,1,0,1,1,1,1
890:1,1,1,1,1,1,1,1,0,1,0,0,1,0,1,1,0,1,0,0,1,0,1,1,0,0,0,0,0,0,0,1,1,1,1,1,1,0,0,1,1,1,1,1,1,1,0,1,1,0,1,1,1,1,1,1,1,0,1,1,0,0,1,1
891:1,1,1,1,1,1,1,1,0,0,0,0,0,0,0,1,1,1,0,1,0,1,1,1,1,1,0,0,0,1,1,1,1,0,0,1,1,0,1,1,0,1,1,0,0,1,0,1,1,1,1,0,1,1,1,1,1,1,1,0,1,1,1,1
892:1,1,1,1,1,1,1,1,0,1,1,0,0,1,1,1,0,0,0,0,0,0,0,1,1,0,0,1,1,0,0,1,0,0,0,1,0,1,0,1,0,1,1,1,0,1,1,1,0,1,1,1,0,1,1,1,1,1,1,1,1,1,1,1
893:1,1,1,1,1,1,1,1,0,1,1,1,1,0,1,1,0,1,1,1,1,0,1,1,0,1,1,1,1,0,1,1,0,1,1,1,1,0,1,1,0,0,0,0,0,0,1,1,1,1,1,1,1,0,1,1,1,1,1,1,1,0,0,1
894:0,1,1,1,1,0,0,1,0,1,1,1,1,1,0,1,0,1,0,1,1,1,0,1,0,1,1,1,1,1,0,1,0,0,0,1,1,1,0,1,0,1,1,1,1,1,1,0,0,1,1,1,1,1,0,1,1,1,1,1,1,0,1,1
895:1,1,1,1,1,1,1,1,0,0,1,1,1,1,1,1,0,0,1,1,1,0,1,1,1,0,0,1,1,0,0,1,0,0,0,0,1,0,1,1,1,0,0,0,1,1,0,1,1,1,1,1,1,1,1,1,1,1,1,1,1,1,1,1
896:1,1,1,1,1,1,1,1,0,1,0,0,0,0,1,1,0,1,0,0,0,0,1,1,0,1,1,1,1,1,1,1,0,0,0,0,0,0,0,1,1,1,0,0,0,1,1,1,1,1,0,1,1,0,1,1,1,1,1,1,1,0,1,1
897:1,1,1,1,1,1,1,1,0,1,1,1,0,1,1,1,0,1,0,1,0,0,1,1,0,1,0,1,0,1,1,1,0,1,0,1,0,1,1,1,0,1,0,1,0,0,1,1,0,1,1,1,1,1,1,1,0,0,0,0,0,0,0,1
898:1,1,1,1,1,1,1,1,0,1,1,1,1,1,1,1,1,1,1,1,1,1,1,1,1,0,0,1,1,0,0,1,1,0,0,1,1,0,1,1,1,0,0,1,1,0,0,1,1,1,0,1,1,1,0,1,1,1,0,1,1,1,1,1
899:1,1,1,1,1,1,1,1,0,1,0,0,0,0,1,1,0,1,0,1,0,0,1,1,0,1,1,1,1,1,1,1,1,1,0,1,0,0,0,1,1,1,1,1,1,0,1,1,1,1,1,0,1,1,1,1,1,1,1,0,1,1,1,1
900:0,1,1,0,1,1,1,1,0,1,0,0,0,1,1,1,0,1,0,0,0,1,1,1,0,1,1,0,0,1,1,1,1,0,0,0,0,1,1,1,1,0,1,1,1,1,1,1,1,0,1,0,0,0,1,1,1,1,1,1,1,1,1,1
901:0,1,1,1,1,1,1,1,0,0,1,0,1,0,1,1,0,1,1,0,1,0,1,1,0,0,1,0,0,0,1,1,0,0,0,0,0,1,0,1,1,1,0,1,1,1,1,1,1,1,0,1,1,1,1,1,1,1,1,0,1,0,1,1
902:1,0,1,1,1,1,1,1,1,0,1,1,1,1,1,1,0,1,1,0,1,1,1,1,0,0,1,0,1,1,0,1,0,0,1,0,0,0,0,1,1,0,1,0,1,1,1,1,1,0,1,1,1,1,0,1,1,1,1,1,1,1,0,1
903:0,1,1,1,1,1,1,1,0,1,1,1,1,0,1,1,0,1,1,1,1,1,1,1,0,0,0,0,0,0,0,1,1,0,0,1,1,0,1,1,1,1,1,1,1,0,1,1,1,1,0,1,0,0,1,1,1,1,1,1,1,1,1,1
904:0,1,1,1,1,1,1,1,0,0,0,0,0,0,0,1,1,1,1,0,0,0,1,1,1,1,1,1,1,1,1,1,1,1,1,0,1,1,1,1,1,0,0,0,0,0,0,1,1,0,0,0,0,0,0,1,1,1,1,1,1,1,1,1
905:1,0,1,0,1,1,1,1,1,1,1,1,1,1,1,1,1,1,1,1,1,1,1,1,0,1,0,1,0,0,1,1,0,1,0,0,0,0,1,1,0,1,0,1,1,1,1,1,0,1,1,1,1,1,1,1,1,0,1,0,1,1,0,1
906:0,1,1,1,1,1,1,1,0,1,0,0,0,0,1,1,0,1,1,1,1,1,1,1,0,0,0,0,0,0,0,1,1,1,1,1,0,1,1,1,1,0,0,0,0,0,1,1,1,1,0,1,0,0,1,1,1,1,1,1,1,1,1,1
907:1,1,1,1,1,1,1,1,1,0,1,0,1,1,1,1,0,0,0,0,0,0,0,1,1,1,1,0,1,1,1,1,1,0,0,0,0,0,0,1,0,0,0,0,0,0,0,1,1,1,1,0,1,1,1,1,1,1,1,0,1,1,1,1
908:1,1,1,1,1,1,1,1,0,0,1,1,1,1,1,1,1,0,0,0,0,0,0,1,1,0,1,1,1,1,0,1,1,1,0,0,0,0,1,1,1,0,1,1,1,1,0,1,1,0,1,1,1,1,0,1,1,1,1,1,1,1,1,1
909:1,1,1,1,1,1,1,1,0,0,1,0,0,0,0,1,1,1,0,0,0,1,1,1,1,1,1,1,0,1,0,1,1,1,0,0,0,0,1,1,1,1,0,1,0,1,1,1,1,1,1,0,0,1,1,1,1,1,1,1,1,1,1,1
910:1,1,1,1,1,1,1,1,0,1,1,0,0,0,1,1,0,0,0,0,0,0,0,1,1,1,1,1,0,0,1,1,0,1,1,0,0,1,1,1,0,0,0,0,0,1,1,1,1,0,1,0,1,1,1,1,1,1,1,0,0,1,1,1
911:1,1,1,1,1,1,1,1,0,1,0,0,0,1,0,1,1,1,0,0,0,0,1,1,1,0,0,0,0,1,1,1,1,0,0,0,0,0,0,1,1,1,0,0,0,1,1,1,1,0,0,0,0,0,1,1,1,0,1,1,1,1,0,1
912:1,1,1,1,1,1,1,1,1,1,1,1,1,1,1,1,1,1,1,1,1,1,1,1,0,1,1,1,1,1,1,1,0,1,0,0,0,0,1,1,0,1,0,0,0,0,1,1,0,1,0,1,1,1,1,1,0,0,0,0,0,0,0,1
913:0,1,1,1,1,0,1,1,0,0,0,0,0,0,0,1,1,1,1,1,1,1,1,1,1,1,0,1,1,0,1,1,1,1,0,1,0,0,1,1,0,1,1,0,0,1,1,1,1,1,0,1,0,1,1,1,1,1,1,1,1,1,1,1
914:0,1,0,1,1,0,1,1,0,1,0,1,0,0,0,1,1,0,0,1,1,0,0,1,1,1,1,1,1,0,1,1,0,0,0,1,1,1,1,1,0,0,1,0,1,1,1,1,1,0,0,1,1,1,1,1,1,1,1,1,1,1,1,1
915:1,1,1,1,1,1,1,1,0,0,1,1,1,1,1,1,1,0,0,0,0,0,0,1,1,0,1,1,1,1,0,1,1,0,1,1,1,1,0,1,1,0,1,1,1,1,0,1,1,0,0,0,0,0,0,1,1,1,1,1,1,1,1,1
916:1,1,1,1,1,1,1,1,0,1,0,1,1,0,1,1,0,1,0,1,1,0,1,1,0,0,0,1,0,0,1,1,0,0,0,0,0,0,0,1,1,0,0,1,0,0,0,0,1,1,0,1,1,1,1,0,1,1,0,1,1,0,1,0
917:1,0,0,1,1,1,1,1,1,1,0,0,1,1,1,1,1,1,0,1,1,0,0,1,1,1,0,1,0,1,1,0,1,0,1,1,0,1,1,0,1,0,1,1,0,1,1,0,0,1,1,1,0,0,0,1,0,0,0,1,1,0,1,1
918:1,1,0,0,0,1,1,1,1,1,1,0,1,1,1,1,1,1,0,0,1,1,1,1,1,1,1,1,1,1,1,1,1,0,0,1,1,0,0,1,0,1,1,0,0,1,1,1,0,1,1,1,1,1,1,0,1,1,1,1,1,1,1,1
919:1,1,0,0,0,1,1,1,1,1,1,1,0,1,1,1,1,1,1,1,0,1,1,1,1,1,1,0,0,1,1,1,0,0,0,0,0,0,0,1,1,1,1,1,1,1,1,1,1,1,0,1,1,1,1,1,1,1,0,0,0,0,1,1
920:0,0,0,0,1,1,1,1,1,1,1,0,1,1,1,1,1,1,0,1,1,1,1,1,1,1,0,0,0,0,0,1,1,0,1,1,1,1,1,1,1,0,1,1,1,1,1,1,0,0,1,1,1,1,1,1,1,0,0,0,0,1,1,1
921:1,0,0,1,1,1,1,1,1,1,0,0,1,1,1,1,1,0,0,1,0,1,1,1,1,1,1,1,0,1,1,1,1,0,1,0,1,0,0,0,1,1,1,0,1,1,1,0,0,0,1,0,0,1,0,1,1,0,1,1,1,1,1,1
922:1,1,1,1,1,1,1,1,0,0,0,1,1,1,1,1,1,1,0,1,1,1,1,1,1,0,1,1,1,1,1,1,0,0,1,1,0,1,1,1,1,1,1,1,0,1,1,1,1,1,1,1,1,0,1,1,1,1,1,1,1,0,0,1
923:1,0,1,1,1,1,1,1,1,1,0,1,1,1,1,1,0,1,0,0,0,0,0,1,1,1,0,1,0,1,0,0,1,1,1,1,0,1,1,0,1,0,1,1,0,1,0,1,1,1,0,1,1,1,1,1,1,1,1,1,1,1,1,1
924:0,0,1,1,1,1,1,1,1,0,1,1,1,1,0,1,1,0,0,1,0,0,1,1,1,0,1,0,0,1,0,1,1,0,1,1,0,1,1,0,0,1,1,1,0,0,0,1,1,0,1,1,1,1,1,1,1,1,1,1,1,1,1,1
925:0,0,0,0,1,1,1,1,1,1,1,0,1,1,1,1,1,1,1,1,1,1,1,1,1,1,0,0,0,0,0,1,1,1,0,1,1,1,0,1,1,0,1,1,1,1,0,1,0,1,1,1,1,1,1,1,0,0,0,0,1,1,1,1
926:1,1,0,1,1,1,1,1,1,1,0,0,1,1,1,1,0,0,0,0,0,0,0,1,1,1,0,1,1,1,0,1,1,1,0,1,1,1,0,1,1,1,0,1,1,1,1,0,1,1,0,1,1,1,0,1,1,1,1,1,1,1,1,1
927:1,0,0,1,1,1,1,1,1,1,0,1,1,0,1,1,1,1,0,1,1,1,1,1,1,1,0,1,0,1,1,1,1,0,1,1,0,0,0,0,1,0,1,1,1,1,1,1,0,1,1,1,1,1,0,1,0,0,0,1,1,1,0,1
928:1,1,0,0,1,1,1,1,1,1,1,0,1,1,1,1,1,1,0,0,1,1,1,1,1,0,0,1,1,1,0,1,1,1,0,1,1,1,0,1,1,0,1,1,1,0,1,1,1,0,1,1,1,0,1,1,1,1,0,1,1,0,0,1
929:1,0,0,0,1,0,0,0,1,1,1,1,1,1,0,1,1,1,0,1,1,1,0,1,1,1,1,1,1,0,1,1,1,0,1,1,1,0,1,1,1,1,1,1,0,1,1,1,0,1,1,1,0,1,1,1,1,0,1,1,1,0,1,1
930:1,1,0,0,1,1,1,1,1,1,1,0,0,1,1,1,0,0,1,0,0,0,1,1,1,0,1,0,1,1,1,1,0,0,0,0,1,0,1,1,1,1,0,1,1,0,0,1,1,1,0,1,1,0,1,1,1,1,0,0,1,0,0,1
931:1,1,0,0,0,1,1,1,1,1,1,1,0,0,1,1,1,1,1,0,0,1,0,1,1,0,0,0,0,1,1,0,1,1,1,0,1,1,0,1,0,1,0,0,1,1,1,1,1,1,0,1,1,1,1,1,1,1,1,0,0,1,1,1
932:1,0,0,0,0,0,0,0,1,1,0,1,0,1,1,0,1,1,0,1,0,1,1,0,1,1,1,1,0,1,1,0,1,0,1,1,0,1,1,0,1,1,1,1,0,1,1,0,0,0,1,1,0,1,0,0,1,1,0,1,1,1,1,1
933:1,1,1,1,1,0,1,1,0,0,0,1,0,0,1,1,1,1,0,1,0,0,1,1,1,1,0,1,1,0,1,1,1,0,1,1,1,1,1,1,1,0,1,1,1,1,1,1,0,0,1,1,1,1,1,1,1,0,0,1,1,1,1,1
934:1,1,0,0,0,1,1,1,1,1,1,0,0,1,1,1,1,1,1,0,1,1,1,1,1,1,1,0,0,1,1,1,1,1,1,0,0,1,1,1,0,0,1,1,1,1,0,1,0,1,1,1,1,1,0,0,1,0,0,0,0,0,1,1
935:1,1,0,0,0,1,1,1,1,1,1,0,0,1,1,1,1,1,1,0,1,1,1,1,1,1,1,0,0,1,1,1,1,1,1,0,0,1,1,1,1,0,0,0,0,0,1,1,0,1,1,1,0,1,0,1,1,1,1,0,0,1,1,1
936:0,0,1,1,1,1,1,1,1,0,1,1,1,1,1,1,1,0,0,1,1,1,1,1,1,0,1,0,0,1,0,1,1,1,1,1,0,1,1,1,0,1,1,1,0,1,1,1,1,0,1,0,0,1,1,1,1,1,1,1,1,1,1,1
937:0,0,1,1,1,1,1,1,1,0,1,1,1,1,1,1,1,0,0,0,0,0,0,1,1,0,1,1,0,1,0,1,1,0,1,1,0,1,0,1,0,1,1,1,1,1,1,0,1,0,1,1,1,1,0,1,1,1,1,1,1,1,1,1
938:1,1,0,0,0,1,1,1,1,1,1,0,1,1,1,1,1,1,0,0,0,1,1,1,0,1,1,1,1,1,0,1,1,0,0,0,0,0,1,1,1,1,1,0,1,1,1,1,1,1,1,0,1,1,1,1,1,1,1,1,0,1,1,1
939:0,0,0,1,1,0,0,1,1,1,1,1,1,1,0,1,0,0,1,1,1,0,0,1,1,1,1,1,1,1,1,1,1,1,0,0,0,1,1,1,1,1,1,1,0,1,1,1,1,1,0,0,1,1,1,1,1,1,0,1,0,1,1,1
940:1,0,0,1,1,0,0,1,1,1,0,1,1,1,0,1,1,0,1,1,1,0,1,1,1,1,1,1,1,1,1,1,0,0,0,0,0,0,0,1,1,1,1,1,1,1,0,1,1,1,1,1,1,1,0,1,1,1,1,1,1,1,1,1
941:0,0,1,1,1,0,1,1,1,0,1,1,1,1,0,1,1,0,1,0,0,1,0,1,1,0,1,1,1,1,0,1,1,0,1,0,1,1,1,1,0,1,1,0,1,0,1,1,1,0,1,1,1,0,0,1,1,1,1,1,1,1,1,1
942:0,0,0,1,1,1,1,1,1,1,0,1,0,1,1,1,1,0,1,1,0,1,1,1,1,0,1,0,0,0,0,1,1,0,1,1,0,1,0,1,0,1,1,1,0,1,1,1,0,1,1,1,0,1,1,1,1,0,1,1,1,1,1,1
943:0,0,1,1,1,1,1,1,1,0,0,1,1,1,0,1,1,0,1,1,0,0,1,1,1,0,1,1,1,1,1,1,1,0,1,1,1,1,1,1,0,1,1,0,0,0,0,1,1,0,1,1,1,1,1,1,1,1,1,1,1,1,1,1
944:1,1,0,0,0,1,1,1,1,1,1,1,0,1,1,1,1,1,1,1,0,1,1,1,1,0,1,0,1,0,0,1,0,1,1,0,1,1,1,1,1,1,0,1,1,1,1,1,1,1,0,1,1,1,1,1,1,1,0,0,0,1,1,1
945:0,0,1,1,1,0,1,1,1,0,1,1,1,0,1,1,1,0,1,1,1,0,1,1,1,0,1,0,0,0,0,1,1,0,1,1,1,0,1,1,0,1,1,1,1,0,1,1,1,0,1,1,1,0,1,1,1,1,1,1,1,1,1,1
946:1,1,1,0,1,1,1,1,1,1,1,1,0,1,1,1,1,0,1,1,0,0,0,1,1,1,0,0,0,1,1,1,1,0,0,0,0,0,1,1,0,1,1,0,1,1,0,1,1,1,1,0,0,1,1,1,1,1,1,1,1,1,1,1
947:0,0,0,0,1,1,0,1,1,1,1,0,1,0,1,1,1,1,0,0,0,0,1,1,1,1,0,1,0,0,1,1,1,0,1,1,0,1,1,1,1,0,1,1,1,0,1,1,0,0,1,1,1,1,0,1,1,0,1,0,1,1,1,1
948:1,1,0,0,0,1,1,1,1,1,1,1,0,1,1,1,1,0,0,0,1,0,1,1,1,1,0,0,1,1,1,1,0,1,1,1,1,1,1,1,0,0,1,1,1,1,0,1,1,0,0,1,0,0,1,1,1,1,1,0,1,1,1,1
949:1,1,1,1,1,1,1,1,1,0,1,1,1,1,1,1,0,0,0,0,0,0,1,1,1,0,1,1,0,1,1,1,1,1,1,0,1,1,1,1,1,1,0,0,1,0,0,1,1,1,1,1,1,0,0,1,1,1,1,1,1,0,1,1
950:1,0,0,0,1,0,0,1,1,1,1,0,1,1,0,1,1,1,0,1,1,1,0,1,0,0,0,0,1,0,0,1,1,0,1,1,1,0,1,1,1,0,1,1,1,1,1,1,0,0,1,1,0,0,1,1,1,0,1,1,1,0,1,1
951:0,0,0,1,1,1,1,1,1,1,0,1,1,1,1,1,1,1,0,0,0,0,0,1,1,0,1,1,1,1,0,1,0,0,1,1,1,0,1,1,1,0,0,1,0,0,1,1,1,1,1,1,0,0,1,1,1,1,1,1,1,0,0,1
952:0,0,0,1,1,1,1,1,1,1,0,1,1,1,1,1,1,1,0,1,0,1,1,1,1,1,1,1,0,0,0,1,1,0,1,1,0,1,1,1,1,0,1,1,0,1,1,1,0,0,1,1,0,0,1,1,1,0,0,1,1,0,0,1
953:1,1,0,0,0,1,1,1,1,1,1,1,0,1,1,1,1,0,1,0,0,1,0,1,1,1,1,0,1,1,1,1,1,1,1,0,0,0,1,1,1,1,0,1,1,1,1,1,1,1,0,1,1,1,1,1,1,1,0,1,0,1,1,1
954:1,0,0,0,0,0,1,1,1,1,1,1,1,0,1,1,1,1,1,1,0,1,1,1,0,0,0,0,0,0,0,1,1,1,1,0,1,1,1,1,1,1,1,0,1,1,1,1,1,1,0,0,1,1,1,1,1,1,1,0,1,0,1,1
955:1,0,0,1,1,1,1,1,1,1,0,0,1,1,1,1,1,1,0,1,1,0,0,1,1,0,1,1,1,0,1,1,1,0,0,0,1,0,1,1,1,1,1,1,0,1,1,1,1,1,1,1,1,1,1,1,0,0,0,0,0,0,0,1
956:0,0,0,1,1,0,1,1,1,1,1,1,0,1,0,1,1,0,1,0,0,1,1,1,1,0,1,1,1,0,1,0,1,1,1,1,1,0,1,0,0,1,1,0,0,1,0,1,0,1,1,1,1,0,0,1,1,0,1,1,1,1,1,1
957:1,1,1,0,0,1,1,1,1,1,1,1,0,1,1,1,0,0,1,1,1,1,0,1,1,0,0,0,1,0,1,1,1,0,1,0,1,1,0,1,1,1,1,0,1,1,1,1,1,1,0,0,1,1,1,1,1,1,1,0,1,1,1,1
958:0,0,0,1,1,1,1,1,1,1,0,1,1,1,1,1,1,0,1,1,0,0,1,1,1,0,1,0,0,1,0,1,1,1,1,0,0,1,0,1,1,1,1,1,0,0,1,1,1,1,1,1,0,1,1,1,1,1,1,1,1,1,1,1
959:0,0,0,1,0,1,1,1,1,1,1,1,0,1,1,1,1,0,1,1,1,0,1,1,1,0,0,0,0,0,1,1,1,0,1,1,1,0,0,1,0,1,1,1,1,0,1,1,0,1,1,1,1,0,1,1,1,0,1,1,1,1,1,1
960:0,0,0,1,1,1,1,1,1,1,0,1,1,1,1,1,1,1,0,0,0,0,0,1,1,0,1,1,0,1,0,1,1,0,1,1,0,1,1,1,1,1,1,1,0,1,1,1,0,0,1,1,1,1,1,1,1,0,0,1,1,1,1,1
961:1,0,0,1,1,1,1,1,1,1,0,0,1,0,1,1,1,1,1,1,0,1,1,1,1,1,0,1,0,1,1,1,1,0,0,0,0,0,0,1,1,0,1,1,0,1,1,1,1,0,1,1,1,0,1,1,0,0,0,1,1,1,0,1
962:0,1,0,0,1,1,1,1,1,0,1,0,1,1,1,1,1,0,1,0,0,1,1,1,1,0,0,0,1,1,0,1,0,1,1,0,1,1,0,1,0,1,1,1,1,0,1,1,0,0,1,0,1,0,0,1,1,1,1,1,1,1,1,1
963:0,0,1,1,1,1,1,1,1,0,1,1,1,0,1,1,1,0,1,1,1,1,0,1,1,0,1,0,1,1,1,0,1,0,1,1,1,1,1,0,0,1,1,1,1,1,0,1,1,0,1,1,1,0,1,1,1,1,1,1,1,1,1,1
964:0,0,1,1,1,1,1,0,1,1,0,1,1,1,1,0,1,1,0,1,1,1,1,0,1,0,0,0,0,0,0,0,1,0,1,1,1,1,1,0,1,0,1,1,1,1,1,0,1,0,0,1,1,1,1,0,1,1,1,1,1,1,1,1
965:1,1,0,0,0,1,1,1,1,1,1,1,0,1,1,1,1,1,1,0,0,0,1,1,0,1,1,0,0,1,1,1,0,0,0,0,0,1,0,1,1,1,1,1,1,1,1,1,1,1,0,1,1,1,1,1,1,1,0,0,0,0,1,1
966:0,1,1,1,1,1,1,1,1,0,0,1,1,1,1,1,1,0,0,1,0,0,0,1,1,0,1,1,1,1,0,1,1,0,0,0,0,0,0,1,0,0,1,1,0,1,1,1,0,1,1,1,1,0,0,1,1,0,0,1,1,1,1,1
967:1,1,0,0,0,1,1,1,1,1,1,0,1,1,1,1,1,1,0,0,1,1,1,1,1,1,0,1,0,0,1,1,1,0,0,1,1,1,0,1,1,0,1,1,1,1,1,1,0,0,1,1,1,0,1,1,1,1,0,1,1,0,0,1
968:0,0,0,1,1,0,0,1,1,1,1,1,1,1,0,1,1,0,1,1,1,1,0,1,1,0,1,0,1,1,0,1,1,0,1,1,1,1,0,1,0,1,1,1,1,1,1,0,0,1,1,1,1,1,0,1,0,0,1,1,1,1,1,1
969:1,0,0,1,1,1,1,1,1,1,0,1,1,0,1,1,1,1,0,1,1,1,1,1,1,1,1,1,0,0,1,1,1,0,1,1,0,0,1,1,1,0,1,1,1,1,1,1,0,1,1,1,1,0,1,1,0,0,0,1,1,0,0,1
970:1,1,0,0,0,1,1,1,1,1,1,1,0,1,1,1,0,0,0,0,0,0,0,1,1,1,1,0,1,1,1,1,1,1,1,0,1,1,1,1,0,1,1,1,1,1,1,1,1,1,0,1,1,1,1,1,1,1,1,0,0,1,1,1
971:1,1,0,0,0,0,1,1,1,1,0,1,1,0,1,1,1,1,0,1,1,0,1,1,1,1,0,0,0,1,1,1,1,1,1,1,0,1,1,1,0,0,0,0,0,0,0,1,1,1,1,0,1,1,1,1,1,1,1,0,0,0,1,1
972:1,0,0,1,1,0,0,0,1,1,0,1,1,1,0,1,1,1,0,1,1,1,0,1,1,0,1,1,1,1,1,1,1,0,1,1,1,0,1,1,1,1,1,1,1,0,1,1,0,1,1,1,0,0,1,1,1,0,1,1,1,0,1,1
973:1,0,0,0,1,1,1,1,1,1,1,0,1,1,1,1,1,1,0,0,1,1,1,1,1,1,1,1,1,1,1,1,0,1,1,1,1,1,1,1,0,0,0,0,0,0,0,1,1,1,1,0,1,1,1,1,1,1,1,1,1,1,1,1
974:1,0,1,1,1,1,1,1,1,0,0,1,1,0,1,1,1,1,1,1,0,1,0,1,1,0,1,1,0,1,1,0,1,0,0,0,0,1,1,0,1,1,1,1,0,1,1,0,0,1,1,1,1,0,0,1,0,0,0,1,1,1,1,1
975:1,0,0,0,1,1,1,1,1,1,1,0,1,1,1,1,1,1,0,0,1,1,1,1,1,1,1,0,0,1,1,1,1,1,0,0,0,1,1,1,1,0,1,0,1,0,0,1,0,1,1,0,1,1,0,1,1,1,1,1,1,1,1,1
976:0,1,1,0,1,1,1,1,1,0,1,1,0,1,1,1,1,0,0,0,0,0,0,1,1,0,1,1,0,1,1,0,1,0,1,0,0,1,0,1,0,0,1,0,0,1,1,1,1,0,1,1,0,1,1,1,1,1,1,1,1,1,1,1
977:1,0,0,0,1,0,0,1,1,1,1,1,1,1,0,1,1,1,0,1,1,1,0,1,0,0,0,0,0,0,0,1,1,0,1,1,1,0,1,1,1,0,1,1,0,1,1,1,0,0,1,1,0,1,1,1,1,0,1,1,1,0,1,1
978:0,0,1,0,0,1,0,0,1,0,1,1,0,1,1,1,1,0,1,1,1,1,0,1,1,0,1,0,1,1,0,1,0,1,1,0,1,1,0,1,0,1,1,0,1,1,1,1,0,1,1,0,1,0,0,1,1,1,1,0,1,1,0,1
979:1,1,0,0,0,1,1,1,1,1,1,1,0,1,1,1,0,0,0,0,0,0,0,1,1,1,1,0,1,0,1,1,1,1,0,1,1,1,0,1,1,1,0,0,0,1,1,1,1,1,1,1,1,1,0,1,1,1,1,1,1,1,1,1
980:0,0,0,1,1,1,1,1,1,1,0,0,1,1,1,1,1,1,0,1,1,0,0,1,1,1,0,1,1,1,1,1,1,0,0,0,0,0,0,0,1,0,1,1,1,1,0,1,0,1,1,1,1,1,1,1,0,0,0,0,1,1,1,1
981:1,0,0,1,1,1,1,1,1,1,0,1,1,1,1,1,1,1,0,1,1,1,1,1,1,0,0,1,1,1,0,1,1,0,1,0,1,1,0,1,1,1,1,1,1,0,1,1,0,1,1,1,1,0,1,1,1,0,1,1,1,1,0,1
982:1,1,0,0,0,1,1,1,1,1,1,0,1,1,1,1,1,1,1,0,1,1,1,1,1,1,1,0,0,1,1,1,0,1,1,0,1,1,1,1,0,0,1,1,1,1,0,1,1,0,0,1,1,0,1,1,1,1,1,0,1,1,1,1
983:1,0,0,0,1,1,1,1,1,1,1,0,1,1,1,1,1,1,1,0,1,0,1,1,1,1,1,0,1,0,1,1,0,0,0,0,0,0,0,1,1,1,0,1,1,0,1,1,1,0,1,1,1,0,1,1,1,0,0,0,0,1,1,1
984:1,1,0,0,0,1,1,1,1,1,1,0,0,1,1,1,1,1,0,0,1,1,1,1,1,1,1,0,0,1,1,1,1,1,1,1,0,1,1,1,1,1,1,1,1,0,0,1,1,1,1,1,1,1,1,1,1,1,1,1,1,1,1,1
985:1,0,0,1,1,1,1,1,1,1,0,0,1,1,1,1,1,1,1,1,1,1,1,1,0,0,0,0,0,0,0,1,1,1,0,1,0,1,0,1,1,1,0,1,1,1,1,1,1,1,0,1,1,1,1,1,1,1,1,1,1,1,1,1
986:1,1,0,0,0,1,1,1,1,1,1,0,1,1,1,1,1,1,0,0,0,0,1,1,1,1,1,0,0,1,1,1,1,1,1,0,0,1,1,1,1,1,1,1,1,0,1,1,1,1,1,1,1,0,1,1,1,1,1,1,1,0,0,1
987:1,0,0,0,1,0,0,1,1,1,1,1,1,1,0,1,1,1,0,1,1,0,1,1,1,0,0,0,0,0,0,1,1,0,1,1,0,0,1,1,1,0,1,1,0,1,1,1,0,0,1,1,0,1,1,1,1,0,1,1,1,0,1,1
988:1,1,0,0,1,1,1,1,1,1,1,0,0,1,0,1,1,1,1,0,1,1,0,1,1,1,0,0,1,1,0,1,1,1,0,1,1,1,0,1,1,1,0,1,1,1,0,1,1,0,1,1,1,1,0,1,1,0,0,0,1,1,0,1
989:1,1,0,0,0,1,1,1,1,1,1,1,0,1,1,1,0,0,0,0,0,0,0,1,1,1,1,0,1,1,1,1,1,1,0,1,1,0,1,1,1,1,0,1,1,1,0,1,1,0,0,1,1,1,1,1,1,1,0,1,0,1,1,1
990:1,1,1,0,0,1,1,1,1,1,1,1,0,1,1,1,0,0,1,1,1,1,0,1,0,1,1,0,1,1,1,0,0,1,1,0,1,1,0,0,1,0,1,0,1,1,0,1,1,1,1,0,1,1,1,1,1,1,1,0,0,1,1,1
991:1,1,0,0,0,1,1,1,1,1,1,1,0,1,1,1,0,0,0,0,0,1,1,1,1,1,1,0,1,1,1,1,1,1,1,0,1,1,1,1,1,1,1,0,1,0,0,1,1,1,0,1,1,1,1,1,1,1,0,0,0,0,1,1
992:1,1,0,0,0,1,1,1,1,1,1,1,0,1,1,1,1,1,1,1,0,1,1,1,1,1,1,1,0,1,0,1,1,1,1,0,1,1,1,1,0,1,0,0,1,1,1,1,1,1,0,1,1,1,1,1,1,1,0,0,0,0,1,1
993:1,0,0,1,1,1,1,1,1,1,0,1,1,1,0,1,1,1,0,1,1,0,1,1,1,0,0,0,0,0,0,1,1,0,0,0,0,0,0,1,1,0,1,1,0,0,0,1,1,1,0,1,1,1,1,1,1,1,1,1,1,1,1,1
994:1,0,0,1,1,1,1,1,1,1,0,1,1,1,1,1,1,1,0,0,0,0,1,1,1,0,0,1,1,0,0,1,1,0,1,1,1,1,0,1,1,1,1,1,1,0,1,1,0,1,1,1,1,0,1,1,1,0,1,1,1,1,1,1
995:1,1,1,1,0,0,1,1,1,1,1,1,1,0,1,1,0,0,0,1,1,0,1,1,0,1,1,1,0,0,1,1,0,1,1,1,0,1,1,1,0,0,0,1,0,1,1,1,1,1,1,1,0,1,1,1,1,1,1,1,0,0,1,1
996:0,0,1,1,1,1,1,1,1,0,0,1,0,1,1,1,1,1,1,1,0,0,1,1,1,0,1,0,0,0,0,1,1,0,1,1,1,1,1,1,1,1,1,1,1,1,1,1,0,1,1,1,1,1,1,1,0,0,1,1,1,1,1,1
997:0,0,0,1,1,0,0,1,1,1,1,1,1,1,0,1,1,0,1,0,1,1,0,1,0,0,0,0,0,0,0,1,1,0,1,0,1,1,1,1,1,1,1,1,1,0,1,1,0,0,1,1,1,0,1,1,1,0,1,1,1,1,0,1
998:0,0,1,1,1,1,1,1,1,0,1,1,1,1,1,1,1,0,0,0,0,0,1,1,1,0,0,0,0,0,0,0,1,0,1,0,1,1,0,1,0,1,1,1,1,1,1,1,1,0,1,1,1,1,1,1,1,1,1,1,1,1,1,1
999:1,1,1,0,0,1,1,1,1,1,1,1,0,0,1,1,0,0,1,1,0,1,1,1,1,0,0,0,0,1,0,0,1,1,0,0,0,1,1,1,1,1,0,0,0,1,1,1,1,1,0,1,1,1,1,1,1,1,0,0,0,1,1,1
1000:1,0,0,0,1,1,1,1,1,1,1,1,1,0,0,1,1,1,0,1,0,1,1,0,1,1,0,1,0,1,0,0,1,0,1,1,1,1,1,1,1,0,1,1,0,0,0,1,0,0,1,1,1,1,1,1,1,1,0,1,1,1,1,1
1001:1,1,1,0,0,1,1,1,1,1,1,0,0,1,1,1,1,0,0,0,0,0,0,1,1,1,1,0,1,1,1,1,0,1,1,0,0,1,1,1,0,0,1,1,1,1,0,0,1,1,1,1,1,1,1,1,1,1,1,0,1,1,0,1
1002:0,0,1,1,1,1,1,1,1,0,1,1,1,0,0,1,1,0,1,1,1,1,0,1,1,0,1,0,0,1,1,0,1,1,1,0,0,1,1,0,0,1,1,1,1,1,0,1,0,1,1,1,1,1,0,1,0,0,0,1,1,0,1,1
1003:0,0,1,1,1,1,1,1,1,0,0,1,1,1,1,1,1,1,0,0,0,0,0,0,1,0,1,0,0,0,1,1,1,1,1,0,0,1,1,1,0,1,1,0,1,1,1,1,0,0,1,0,1,1,1,1,1,1,1,1,1,1,1,1
1004:1,1,1,1,1,1,1,1,1,1,0,1,1,1,1,1,1,1,0,1,1,0,1,1,1,1,0,1,1,1,1,1,1,0,0,0,0,1,0,1,1,0,1,1,1,0,1,1,1,0,0,1,1,0,1,1,1,1,0,1,1,1,1,1
1005:1,0,1,1,0,0,1,1,1,1,0,1,1,0,1,1,1,1,0,1,1,0,1,1,0,0,0,1,1,0,0,1,1,1,1,1,1,0,1,1,1,0,1,1,0,1,1,1,1,0,0,1,1,0,1,1,1,1,1,1,1,1,1,1
1006:0,0,1,1,1,0,0,1,1,0,1,1,1,1,0,1,1,0,1,0,1,1,0,1,1,0,1,0,1,1,0,1,1,1,1,0,0,0,1,1,0,1,1,0,1,0,1,1,0,1,1,1,1,0,1,1,0,0,1,1,1,0,0,1
1007:1,0,1,1,1,1,1,1,1,0,0,1,1,1,1,1,1,1,1,1,1,1,1,1,1,0,1,0,1,1,1,1,1,0,1,1,1,1,1,1,1,0,1,1,1,0,0,1,1,1,1,1,1,1,1,1,0,0,0,1,1,1,1,1
1008:1,1,0,0,0,1,1,1,1,1,1,0,0,1,1,1,1,1,0,0,1,1,1,1,1,1,0,1,0,1,1,1,1,1,1,1,1,1,1,1,1,0,0,0,0,0,0,1,1,1,0,1,0,0,1,1,1,1,0,1,1,0,0,1
1009:1,0,1,1,1,1,1,1,1,1,0,1,1,1,0,1,1,1,1,1,0,1,0,1,1,0,1,1,1,1,0,1,1,0,1,1,1,1,0,1,1,0,1,1,0,1,0,1,1,0,1,1,1,1,0,1,1,0,0,1,1,1,0,1
1010:1,1,0,0,1,1,1,1,1,1,1,0,0,1,1,1,1,1,1,0,1,1,1,1,1,1,1,0,0,1,1,1,1,1,1,1,1,1,1,1,1,1,0,0,0,0,1,1,1,1,1,0,1,1,1,1,0,0,0,0,0,0,0,1
1011:1,1,1,1,1,1,1,1,1,0,0,0,0,0,0,1,1,0,0,1,0,0,1,1,1,0,1,1,0,0,1,1,1,0,1,1,0,0,1,1,1,1,1,1,1,1,1,1,1,0,1,1,0,1,1,1,1,0,0,1,1,1,1,1
1012:0,0,1,1,1,1,1,1,1,0,1,0,1,1,1,1,1,0,1,0,1,0,0,1,1,0,1,0,1,1,1,1,1,0,1,0,1,0,0,1,0,1,1,0,1,1,1,1,1,0,1,1,1,1,1,1,1,1,1,1,1,1,1,1
1013:1,1,0,0,0,1,1,1,1,1,1,0,0,1,1,1,1,1,1,0,1,1,1,1,1,1,0,0,0,0,1,1,1,1,1,1,1,1,1,1,0,0,0,0,0,0,0,1,1,1,1,1,1,1,0,1,1,1,1,1,1,1,0,1
1014:0,0,1,1,1,1,1,1,1,0,0,1,0,0,1,1,1,1,1,1,1,0,1,1,1,0,1,1,1,0,1,1,0,0,0,0,0,0,0,1,1,0,1,1,1,1,1,0,1,0,1,1,1,1,1,0,1,1,1,1,1,1,1,1
1015:0,0,0,1,1,0,0,1,1,0,0,1,1,0,0,1,1,0,1,1,1,0,1,1,0,0,0,1,1,0,0,1,1,1,1,1,1,1,1,1,0,0,0,0,0,0,0,1,1,1,1,0,1,1,1,1,1,1,1,0,1,1,1,1
1016:0,0,1,1,1,1,1,1,1,0,0,1,1,0,0,1,1,0,1,1,1,1,0,1,1,0,1,1,1,1,1,0,1,0,1,1,1,1,1,0,0,1,1,0,0,1,0,1,0,1,1,1,1,1,0,1,0,0,0,1,1,0,1,1
1017:1,0,1,1,1,1,1,1,1,0,0,1,0,0,1,1,1,0,0,1,0,0,1,1,1,0,1,1,0,0,1,1,1,0,1,1,0,0,1,1,1,1,1,1,1,1,1,1,0,0,1,1,1,1,1,1,1,1,1,1,1,1,1,1
1018:0,0,0,0,1,1,1,1,1,1,1,0,1,1,1,1,1,1,0,1,1,1,1,1,1,1,0,0,0,1,0,1,1,0,1,1,1,1,1,1,1,1,1,1,1,0,1,1,0,0,1,1,1,1,1,1,1,1,0,0,1,1,1,1
1019:1,1,0,1,1,1,1,1,1,1,0,1,1,1,1,1,0,1,1,0,1,0,1,1,0,0,0,0,0,0,0,1,1,1,0,1,0,0,0,1,1,1,1,1,1,1,0,1,1,0,1,1,1,1,1,1,1,0,0,1,1,1,1,1
1020:0,1,1,1,1,1,1,1,1,0,1,1,1,1,1,1,1,0,1,1,1,1,1,1,1,0,1,0,0,0,1,1,1,0,1,0,0,0,0,1,0,1,1,1,1,1,1,1,1,0,1,1,1,1,1,1,1,1,1,1,1,1,1,1
1021:1,0,0,1,1,1,1,1,1,1,0,1,1,1,1,1,1,1,0,1,1,1,1,1,1,0,0,1,0,0,0,1,1,0,0,1,0,0,0,1,1,1,1,1,1,1,1,1,1,0,1,1,1,1,1,1,1,0,0,1,1,1,1,1
1022:1,0,1,1,1,1,0,1,1,0,1,1,1,1,0,1,1,0,1,0,1,1,0,1,1,0,1,1,1,0,1,1,1,0,1,1,1,0,0,1,1,1,1,0,1,1,0,1,0,1,1,1,1,0,1,1,0,0,1,1,1,0,0,1
1023:1,0,0,1,1,1,1,1,1,1,0,1,0,0,1,1,1,1,0,1,1,0,1,1,1,1,0,1,1,1,1,1,0,0,0,0,0,0,0,1,1,0,1,1,1,1,0,1,1,1,0,1,1,1,0,1,1,1,1,1,1,1,1,1
1024:1,1,0,0,0,0,1,1,1,1,1,1,0,0,1,1,1,1,1,0,1,1,1,1,1,1,0,0,1,1,1,1,1,1,1,1,1,1,1,1,1,0,0,1,1,0,1,1,1,1,1,1,1,1,1,1,0,0,0,0,0,0,0,1
1025:1,0,0,1,1,1,1,1,1,1,0,1,1,1,1,1,1,1,0,1,1,1,1,1,0,0,0,1,1,1,1,1,0,0,0,1,1,1,1,1,1,0,1,1,1,1,1,1,0,1,1,1,1,1,1,1,0,0,0,1,1,0,0,1
1026:0,0,1,1,1,1,1,1,1,0,0,1,1,1,1,1,1,1,1,1,0,1,0,1,1,0,0,1,0,1,1,0,0,0,1,1,0,1,0,1,1,1,1,0,0,1,0,1,0,1,1,1,1,1,1,1,0,0,1,1,1,1,1,1
1027:1,1,1,1,1,1,1,1,1,0,1,1,1,1,1,1,1,1,1,1,0,0,1,1,1,0,1,1,1,0,1,1,1,0,1,1,1,1,1,1,1,1,1,1,1,1,1,1,1,1,0,0,1,1,1,1,0,0,1,1,0,0,0,1
1028:1,1,1,1,1,1,1,1,1,1,1,0,1,1,0,1,0,0,1,1,1,0,0,1,1,0,1,1,1,0,0,1,0,0,1,0,1,1,0,1,1,0,1,0,1,1,0,1,1,1,1,0,1,1,0,1,1,1,1,1,1,0,0,1
1029:1,1,1,1,1,1,1,1,1,0,0,0,0,1,1,1,1,0,0,0,0,0,1,1,1,1,1,0,0,1,1,1,1,1,0,0,1,1,1,1,1,0,0,0,0,0,1,1,1,1,1,0,0,0,1,1,1,1,1,0,1,1,1,1
