1030:1,0,0,1,1,1,1,1,1,1,0,1,1,1,1,1,1,1,0,1,1,0,0,1,1,1,0,1,1,1,1,1,0,0,0,1,0,0,0,1,1,0,1,1,1,1,1,1,1,1,0,1,1,1,1,1,1,1,1,1,1,1,1,1
1031:0,0,1,1,1,1,1,1,1,0,0,1,0,0,1,1,1,0,1,1,1,0,1,1,1,0,1,1,1,0,1,1,1,0,1,1,0,0,0,1,0,1,1,1,1,1,1,1,1,0,1,1,1,1,1,1,1,1,1,1,1,1,1,1
1032:0,0,1,1,1,1,1,1,1,1,0,1,1,1,1,1,1,1,1,0,0,1,1,1,0,0,0,0,0,0,0,0,1,0,1,0,0,1,0,1,1,0,1,1,1,1,1,1,1,0,1,1,1,1,1,1,1,1,1,1,1,1,1,1
1033:0,0,1,1,1,1,1,1,1,1,0,1,1,1,1,1,1,0,0,0,0,0,0,1,1,0,0,0,0,0,0,0,1,0,1,0,0,0,0,1,1,0,1,1,0,0,0,1,1,0,1,1,1,1,1,1,1,1,1,1,1,1,1,1
1034:1,1,0,0,0,1,1,1,1,1,1,0,0,1,1,1,0,0,0,0,0,0,0,1,1,1,0,0,1,1,1,1,1,1,1,1,0,1,1,1,1,1,1,1,1,1,1,1,1,1,1,1,0,1,1,1,1,1,1,1,0,0,1,1
1035:1,0,0,1,1,1,1,1,1,0,0,1,1,1,1,1,0,0,0,0,1,1,1,1,0,1,0,0,0,0,0,1,0,0,0,0,1,1,1,1,1,0,0,1,1,1,1,1,1,1,0,1,1,1,1,1,1,1,1,0,1,1,1,1
1036:1,0,1,1,1,0,1,1,1,1,0,1,1,1,0,1,1,1,1,1,1,1,0,1,1,0,0,1,1,0,0,1,1,0,1,1,1,0,1,1,1,1,1,1,1,0,1,1,0,1,1,1,0,1,1,1,0,0,1,1,0,0,1,1
1037:1,1,0,0,0,1,1,1,1,1,1,1,0,1,1,1,1,1,1,1,0,1,0,1,1,1,1,0,0,1,1,1,1,1,1,0,1,1,1,1,1,0,1,1,1,1,1,1,1,1,1,1,1,1,1,1,1,1,0,0,0,1,1,1
1038:0,0,1,0,0,1,1,1,1,0,1,1,0,1,1,1,1,0,1,1,0,1,0,1,1,0,1,1,0,1,1,1,1,0,0,0,0,0,0,1,0,1,1,1,0,1,0,1,1,0,1,1,0,1,0,1,1,1,1,1,1,1,1,1
1039:0,0,1,1,1,1,1,1,1,0,0,1,0,1,1,1,1,1,1,1,1,1,1,1,1,0,1,1,1,1,0,1,1,1,1,1,1,1,1,1,0,1,1,1,0,1,1,1,1,0,1,1,1,1,1,1,1,1,1,1,1,1,1,1
1040:1,1,0,0,0,1,1,1,1,1,1,1,0,1,1,1,0,0,1,0,0,0,0,1,1,0,1,0,0,1,0,1,0,1,0,0,0,0,0,1,0,0,0,0,0,0,0,1,1,1,0,1,1,1,1,1,1,1,0,0,0,0,1,1
1041:0,0,1,1,1,1,1,1,1,0,0,1,1,1,1,1,1,1,1,1,0,0,0,1,1,0,1,1,0,0,1,1,1,1,1,1,0,0,1,1,0,1,1,1,1,1,1,1,0,0,1,1,1,0,1,1,1,1,1,1,1,1,0,1
1042:0,0,1,1,0,0,0,1,1,0,0,1,0,0,1,1,1,1,1,1,0,0,0,1,1,0,1,1,0,0,0,1,1,1,1,1,0,0,0,1,0,1,1,1,1,1,0,1,0,0,1,1,1,0,0,1,1,1,1,1,1,1,1,1
1043:1,0,0,1,1,1,0,1,1,1,0,1,1,1,0,0,0,0,0,0,1,1,1,1,1,1,0,0,1,1,0,1,1,0,1,0,1,1,0,1,0,0,0,0,1,1,0,1,1,1,1,1,1,1,1,1,0,0,0,1,1,0,0,1
1044:1,1,1,0,1,1,1,1,1,1,1,1,0,1,1,1,1,0,1,1,0,0,0,1,0,1,0,0,0,1,1,0,0,1,0,0,0,0,1,0,0,0,1,0,1,0,0,1,1,1,1,1,1,1,1,1,1,1,0,0,0,1,1,1
1045:1,1,1,0,1,1,1,1,1,1,1,1,0,1,1,1,1,0,1,1,1,1,0,1,1,0,0,0,0,0,0,1,1,0,0,0,1,0,1,1,1,0,1,0,1,0,0,1,1,1,1,0,1,1,1,1,1,1,0,0,0,1,1,1
1046:1,1,0,1,1,0,1,1,1,1,0,1,1,0,0,1,1,1,0,1,1,1,0,1,1,1,0,1,1,1,1,1,0,0,0,0,0,0,0,1,1,0,1,1,1,1,1,1,1,0,1,1,1,1,0,1,1,0,0,0,0,0,1,1
1047:1,1,0,0,1,1,1,1,1,1,1,1,0,1,1,1,1,1,1,1,1,1,1,1,0,0,0,0,0,0,0,1,1,0,1,0,1,0,0,1,1,1,1,1,1,1,1,1,1,1,0,1,1,1,1,1,1,1,0,0,0,1,1,1
1048:0,0,1,1,1,0,0,1,1,0,0,1,1,1,0,1,1,0,0,1,1,1,0,1,1,0,1,0,1,1,0,1,1,0,1,0,1,1,1,1,0,1,1,0,1,0,1,1,0,1,1,1,1,0,1,1,0,0,1,1,1,0,0,1
1049:1,0,0,1,1,1,1,1,0,0,0,0,0,0,1,1,1,0,0,1,0,0,1,1,1,1,1,0,1,1,1,1,1,1,0,1,1,1,1,1,0,0,0,0,0,0,0,1,1,1,1,1,0,0,0,1,1,1,1,1,1,1,1,1
1050:0,0,1,1,0,0,0,1,1,0,0,1,0,1,0,1,1,1,1,1,0,1,0,1,1,0,1,0,0,0,0,1,1,1,1,1,1,0,1,1,0,1,1,1,1,1,0,1,1,0,1,1,0,1,0,1,1,1,1,1,1,1,1,1
1051:0,0,1,1,1,1,1,1,1,0,0,0,0,0,1,1,1,1,0,0,1,0,1,1,1,0,1,0,1,0,1,1,0,0,0,0,1,0,0,1,0,0,1,1,1,1,0,1,1,0,1,1,1,1,0,1,1,1,1,1,1,1,1,1
1052:0,0,1,1,1,1,0,1,1,0,1,1,1,1,0,1,1,0,1,0,1,1,0,1,1,0,1,0,0,0,0,1,1,0,1,0,0,1,0,1,0,1,1,1,1,1,0,1,1,0,1,1,1,1,0,1,1,1,1,1,1,1,1,1
1053:0,0,1,1,1,1,1,1,1,0,0,1,0,1,0,1,1,1,1,0,1,1,0,1,1,0,0,0,0,0,0,1,1,0,1,1,1,1,0,0,0,1,1,1,1,1,0,1,1,0,1,1,1,1,1,1,1,1,1,1,1,1,1,1
1054:1,1,0,0,0,1,1,1,1,1,1,1,0,1,1,1,1,1,1,1,1,1,1,0,1,0,0,0,0,0,0,0,1,0,1,0,1,0,0,0,1,1,1,1,1,1,1,0,1,1,0,1,1,1,1,0,1,1,0,0,0,1,1,1
1055:1,0,0,0,1,1,1,1,1,1,1,0,1,1,1,1,1,1,1,0,1,1,1,1,1,1,1,0,1,1,1,1,0,1,0,1,1,0,1,1,1,1,1,0,0,0,0,1,1,1,1,1,1,1,1,1,1,1,1,1,1,0,0,1
1056:1,1,0,0,1,1,1,1,1,1,1,1,0,1,1,1,1,1,1,1,0,1,1,1,1,0,1,0,1,1,0,1,0,0,1,0,1,1,0,1,1,1,1,1,1,1,1,1,1,1,0,1,1,1,1,1,1,1,0,0,0,1,1,1
1057:0,0,1,1,1,1,1,1,1,0,0,0,0,0,1,1,1,1,0,0,1,0,1,1,1,0,1,0,1,0,1,1,0,0,0,0,0,0,0,0,1,0,1,1,0,1,0,1,1,0,1,1,1,1,1,1,1,1,1,1,1,1,1,1
1058:1,0,0,1,1,1,1,1,0,0,0,0,0,0,0,1,1,0,0,1,1,0,1,1,1,1,0,0,0,0,1,1,1,0,1,0,1,0,0,1,1,0,0,0,0,0,1,1,1,1,1,0,1,1,1,1,1,1,1,1,1,1,1,1
1059:0,0,1,1,0,0,0,1,1,1,0,1,0,1,1,0,1,1,1,1,0,1,1,0,0,0,0,1,0,0,0,0,1,0,1,1,0,1,1,0,1,0,1,1,0,1,1,0,1,0,1,1,0,1,0,0,1,1,1,1,1,1,1,1
1060:1,0,0,1,1,1,1,1,1,1,0,1,0,1,1,0,1,1,0,1,1,1,1,0,1,1,0,1,1,1,0,0,1,0,1,1,1,1,0,0,1,0,1,1,1,1,1,0,0,1,1,1,1,1,1,0,0,0,0,1,1,1,1,1
1061:1,1,1,1,1,1,1,1,1,1,0,1,1,1,1,1,1,1,0,1,1,1,1,1,1,0,0,1,1,0,1,1,1,0,0,1,1,0,1,1,1,0,1,1,0,1,1,1,1,0,1,1,1,1,1,1,1,1,0,1,1,0,0,1
1062:1,1,1,1,1,1,1,1,0,0,1,1,1,0,1,1,1,0,1,1,1,0,1,1,1,0,1,1,1,0,0,1,1,1,0,0,0,0,1,1,0,1,1,1,1,0,1,1,0,1,1,1,1,0,1,1,1,0,1,1,1,0,0,1
1063:1,0,0,0,1,1,1,1,1,1,1,0,1,1,1,1,1,1,0,0,1,1,1,1,1,1,0,1,0,0,1,1,1,1,1,1,1,1,1,1,1,1,0,0,0,0,1,1,1,1,1,1,1,1,0,1,1,1,1,1,1,1,0,1
1064:1,1,0,0,1,1,1,1,1,1,1,0,0,1,1,1,1,1,1,1,1,1,0,1,0,0,1,0,1,1,1,1,1,1,1,0,1,1,1,1,1,1,1,1,1,0,0,1,1,1,0,1,1,1,1,1,1,1,0,0,0,1,1,1
1065:1,1,0,0,1,1,1,1,1,1,1,0,0,1,1,1,1,1,1,0,1,1,1,1,0,1,0,0,1,0,1,1,0,1,0,0,1,0,0,1,1,1,0,1,1,1,1,1,1,1,0,1,1,1,1,1,1,1,0,0,1,1,1,1
1066:1,1,0,0,0,1,1,1,1,1,1,1,0,1,0,1,0,1,1,0,1,1,0,1,1,1,0,0,0,0,1,1,1,1,0,1,0,1,1,1,1,1,1,0,0,1,1,1,0,1,1,0,1,1,1,1,1,1,0,0,0,0,1,1
1067:1,1,0,0,0,1,1,1,1,1,1,0,0,1,1,1,1,1,0,0,1,0,1,1,1,1,1,1,1,1,1,1,1,1,1,1,1,0,1,1,1,0,0,1,0,0,0,1,1,0,1,1,1,0,1,1,1,0,0,1,1,0,0,1
1068:1,1,1,1,1,1,1,1,0,0,1,1,1,1,1,1,1,0,1,1,1,1,1,1,1,0,1,0,1,1,1,1,1,1,1,0,1,1,1,1,0,1,1,0,1,1,1,1,0,1,1,1,1,1,0,1,1,0,1,1,1,1,0,1
1069:1,0,1,1,1,0,0,1,1,0,0,1,1,1,0,0,1,1,0,0,1,1,0,1,1,0,1,0,1,1,0,1,1,0,1,0,1,1,0,1,0,1,1,1,1,0,1,1,0,1,1,1,1,0,1,1,0,0,1,1,1,0,0,1
1070:1,1,1,1,0,1,1,1,1,0,1,0,0,0,1,1,1,0,1,1,1,1,1,1,1,0,0,0,0,0,0,1,1,0,1,0,0,1,0,0,0,1,1,1,0,1,0,1,0,1,1,1,0,0,1,1,1,0,1,1,0,1,1,1
1071:1,0,0,1,1,1,1,1,1,1,0,0,1,0,1,1,0,1,0,1,1,0,0,1,0,1,0,1,1,0,0,1,0,1,1,1,1,0,0,1,1,0,1,1,1,0,1,1,1,0,1,1,1,0,1,1,1,0,0,1,1,1,1,1
1072:1,1,0,0,0,1,1,1,1,1,1,0,0,1,0,1,1,1,0,0,1,1,1,1,1,1,1,0,0,1,1,1,1,0,0,0,0,0,0,1,0,1,1,0,1,1,0,1,0,0,1,0,0,1,0,1,1,0,1,1,1,0,1,1
1073:1,0,0,0,1,1,1,1,1,1,0,0,1,1,1,1,1,1,0,0,1,1,1,1,1,1,1,0,1,1,1,1,1,0,1,0,1,0,1,1,1,0,0,0,0,1,1,1,1,1,1,0,0,1,1,1,1,1,0,0,0,0,0,1
1074:1,1,1,0,1,1,1,1,1,1,1,1,0,1,1,1,1,1,1,1,0,1,1,1,0,0,1,0,1,1,0,0,0,0,1,0,1,0,0,0,1,1,1,0,1,1,1,1,1,1,0,1,1,1,1,1,1,1,0,0,0,1,1,1
1075:1,1,0,0,0,1,1,1,1,1,1,0,0,1,1,1,1,1,0,0,1,0,1,1,1,1,1,0,0,1,1,1,1,1,1,1,1,1,1,1,1,0,0,0,0,0,0,1,1,1,1,1,1,1,0,0,1,1,1,1,1,1,0,1
1076:1,0,1,1,1,1,1,1,1,1,0,1,0,0,0,1,1,1,0,1,1,1,1,1,1,0,1,1,0,0,0,1,1,0,1,1,0,0,0,1,1,0,1,1,1,1,1,1,0,1,1,1,0,0,0,1,0,0,0,1,0,0,0,1
1077:1,1,1,1,1,1,1,1,1,1,0,1,1,1,1,1,1,1,0,1,1,0,0,1,1,1,0,1,1,1,1,1,1,0,0,0,0,1,1,1,0,0,1,1,1,0,1,1,1,0,1,1,1,0,1,1,1,1,0,1,1,1,1,1
1078:1,1,0,0,1,1,1,1,1,1,1,1,0,1,1,1,0,0,1,0,0,0,0,1,1,0,1,0,1,0,1,1,1,0,1,0,1,0,1,1,0,0,0,0,0,0,0,1,1,1,1,1,1,1,1,1,1,1,1,0,0,0,1,1
1079:1,0,1,1,1,0,1,1,1,0,0,1,1,0,1,1,1,0,1,1,1,0,1,1,1,0,0,1,1,1,1,1,1,1,0,0,0,1,1,1,0,0,0,0,0,0,0,1,0,0,1,0,0,1,0,1,1,0,0,0,0,0,1,1
1080:1,0,0,1,1,0,1,1,1,1,0,1,1,0,0,1,1,0,0,1,1,0,1,1,1,1,0,1,1,1,1,1,1,1,0,0,0,0,1,1,1,0,0,0,0,0,0,1,1,1,0,1,1,0,0,0,1,1,0,1,1,0,1,1
1081:1,1,1,0,0,0,1,1,1,1,1,1,1,0,1,1,0,0,0,1,0,0,0,0,0,0,1,1,0,1,1,1,1,1,1,0,0,1,1,1,1,1,1,0,0,1,1,1,1,1,1,0,0,1,1,1,1,1,1,1,1,1,1,1
1082:1,0,1,1,1,1,1,1,1,0,0,1,1,1,1,1,1,1,0,1,0,0,0,1,1,0,1,1,1,1,0,0,1,0,1,1,1,1,1,1,0,1,0,0,1,0,1,1,0,1,1,1,1,1,1,1,0,0,1,1,1,1,1,1
1083:1,1,1,1,1,1,1,1,1,0,1,1,1,1,1,1,1,1,0,1,1,1,0,1,0,0,0,0,0,0,0,0,1,0,0,1,1,1,1,1,1,1,0,0,0,0,0,1,0,0,1,1,1,1,1,1,1,0,1,1,1,1,1,1
1084:0,0,1,1,1,1,1,1,1,0,0,1,1,1,1,1,1,0,0,0,1,1,1,1,0,0,1,0,1,1,1,1,1,0,0,1,1,1,1,1,1,0,1,1,1,1,1,1,0,0,1,0,0,0,0,1,0,1,1,0,1,1,0,1
1085:1,1,0,0,0,1,1,1,1,1,1,0,1,1,1,1,1,1,0,0,0,0,1,1,1,1,0,1,1,1,1,1,1,0,0,0,0,0,1,1,0,1,1,0,1,0,1,1,1,1,1,1,1,0,0,1,1,1,1,1,1,1,0,1
1086:1,1,1,0,0,1,1,1,1,1,1,1,0,1,1,1,1,0,1,1,0,1,1,1,0,0,1,1,0,1,0,0,1,0,1,0,1,1,0,0,1,0,1,0,1,1,1,1,1,1,1,0,1,1,1,1,1,1,1,0,0,1,1,1
1087:0,0,1,1,1,1,1,1,1,0,1,1,1,0,0,1,1,0,1,1,1,1,1,1,0,0,0,0,0,1,0,1,1,0,1,0,0,1,0,1,0,1,1,1,1,1,1,1,0,1,1,1,1,1,1,0,0,0,1,1,1,0,0,1
1088:1,1,1,1,1,1,1,1,1,0,1,1,0,1,0,1,1,0,1,1,1,1,0,1,1,0,1,0,0,0,0,1,1,1,1,0,1,1,0,1,0,1,1,0,0,1,0,1,0,1,1,1,0,0,1,1,1,0,1,1,0,1,0,1
1089:0,0,1,1,0,0,1,1,1,0,1,1,1,0,1,1,1,0,0,1,1,0,1,1,1,0,0,1,1,0,0,1,1,0,0,1,1,0,0,1,1,1,1,1,0,1,1,1,0,1,1,1,0,1,1,1,0,0,1,1,0,0,1,1
1090:1,1,1,1,1,1,1,1,1,0,1,1,1,0,1,1,1,0,1,0,0,0,1,1,1,0,1,1,1,1,0,1,1,0,1,1,1,1,1,0,0,1,1,0,0,0,0,1,0,1,1,0,0,0,1,1,1,0,1,1,1,1,1,1
1091:1,1,0,0,0,1,1,1,1,1,1,1,0,1,1,1,1,1,1,1,0,1,1,1,0,0,0,0,0,0,0,0,0,0,0,0,1,0,0,0,0,1,1,0,1,0,1,1,1,1,0,1,1,1,1,1,1,1,0,0,0,1,1,1
1092:1,0,1,1,1,1,1,1,1,1,0,1,1,1,1,1,1,0,0,0,1,0,0,1,1,0,1,0,1,0,0,1,1,0,1,1,1,0,0,1,0,1,1,1,1,0,0,1,0,1,1,1,1,0,0,1,0,0,1,1,1,1,1,1
1093:1,0,1,1,1,1,1,1,1,0,0,1,0,0,1,1,0,0,0,0,0,0,0,1,1,0,1,1,0,0,1,1,1,0,0,1,1,1,0,1,1,1,1,1,1,1,1,1,1,1,1,0,0,1,1,1,1,1,0,0,0,0,1,1
1094:1,1,0,0,0,1,1,1,1,1,1,0,0,1,1,1,1,1,0,0,1,1,1,1,1,1,1,0,0,1,1,1,1,0,1,1,1,1,1,1,1,0,0,0,0,0,1,1,1,1,0,1,1,0,1,1,1,1,1,0,0,1,1,1
1095:1,1,1,0,1,1,1,1,1,1,1,1,0,1,1,1,0,1,1,1,0,1,0,1,1,0,0,0,0,0,0,1,1,0,0,0,0,0,0,1,0,1,1,0,1,1,0,1,0,1,0,1,1,1,1,0,1,1,0,0,0,1,1,1
1096:1,0,0,1,1,0,1,1,1,1,0,1,1,0,0,1,1,0,0,1,1,1,0,1,1,0,0,1,1,0,1,1,0,0,0,0,0,0,0,1,1,1,1,0,1,1,1,1,1,0,1,0,1,1,1,1,1,0,1,0,1,1,1,1
1097:1,1,1,1,1,1,1,1,1,0,0,1,0,0,1,1,1,1,0,0,0,0,0,1,1,1,1,0,0,0,1,1,1,0,0,0,0,1,0,1,0,0,1,1,1,0,1,1,1,0,1,1,0,0,1,1,1,1,0,1,1,1,1,1
1098:1,1,1,1,1,1,1,1,1,0,0,1,1,1,1,1,1,1,1,0,1,0,1,1,1,0,1,1,0,0,1,1,0,0,0,0,0,0,0,0,1,1,1,0,1,0,0,1,0,0,1,1,1,1,1,1,1,0,1,1,1,1,1,1
1099:1,1,1,1,1,1,1,1,1,1,0,1,1,1,1,1,1,1,0,0,0,0,1,1,0,0,0,0,0,0,0,0,1,0,0,1,0,0,0,1,1,0,1,1,1,1,1,1,1,0,0,1,1,1,1,1,1,1,0,1,1,1,1,1
1100:1,1,1,0,1,1,1,1,1,1,1,1,0,1,1,1,1,0,1,1,0,1,0,1,0,0,0,0,0,0,0,1,0,0,0,0,0,0,0,1,1,0,0,0,1,0,0,1,1,1,1,0,1,1,1,1,1,1,1,0,0,1,1,1
1101:1,1,1,1,1,1,1,1,0,0,1,1,1,0,1,1,1,0,1,1,1,1,1,1,1,0,1,0,1,1,0,1,1,1,0,0,1,1,0,1,0,1,0,0,0,0,1,1,0,1,1,1,1,0,1,1,1,0,1,1,1,1,0,1
1102:1,1,1,1,1,1,1,1,1,0,0,1,1,1,1,1,1,1,0,1,1,0,1,1,1,0,0,0,1,1,1,1,0,0,1,1,1,0,0,1,1,0,1,1,1,1,1,1,1,0,1,1,0,0,0,1,1,1,0,1,1,1,1,1
1103:1,1,0,0,0,1,1,1,1,1,1,1,0,1,1,1,0,0,1,1,0,1,0,1,1,1,1,0,1,1,1,1,1,1,1,0,1,1,1,1,0,0,1,0,1,1,0,1,1,1,0,1,1,1,1,1,1,1,0,0,0,1,1,1
1104:1,0,1,1,1,1,1,1,1,0,0,1,1,0,1,1,1,1,1,1,1,1,1,1,1,0,1,1,0,0,1,1,1,0,1,1,0,0,1,1,0,1,1,0,1,0,0,1,0,1,1,1,1,0,1,1,0,0,1,1,1,1,1,1
1105:1,1,1,0,1,1,1,1,1,1,1,0,1,1,1,1,1,1,1,0,0,1,1,1,0,0,0,0,0,0,0,1,0,0,0,0,0,0,0,1,1,1,1,0,0,1,1,1,1,0,0,1,1,0,1,1,1,1,1,1,0,1,1,1
1106:1,1,1,0,1,1,1,1,1,1,1,1,0,1,1,1,1,1,1,1,0,1,1,1,1,1,1,0,1,1,1,1,1,1,1,0,1,1,1,1,1,1,1,0,1,1,1,1,1,1,1,1,1,1,1,1,1,1,0,0,0,1,1,1
1107:1,1,0,0,1,1,1,1,1,1,1,1,0,1,1,1,0,0,0,0,0,0,0,1,0,0,0,0,0,0,0,1,0,0,0,0,0,0,0,1,0,0,0,0,1,0,0,1,1,1,1,1,1,1,1,1,1,1,1,0,0,0,1,1
1108:1,1,1,1,1,1,1,1,1,0,1,1,0,0,1,1,1,0,1,0,1,0,0,1,1,0,1,0,0,0,0,0,1,1,1,1,1,1,1,0,0,1,1,0,0,0,0,1,0,1,1,1,0,0,1,1,1,0,1,1,0,0,1,1
1109:1,0,0,1,1,0,1,1,1,1,0,1,1,0,0,1,1,0,0,1,1,0,1,1,1,0,0,1,1,1,1,1,0,0,0,0,0,0,0,1,1,0,1,0,1,1,1,1,1,0,1,0,1,1,1,1,0,0,0,0,0,0,0,1
1110:0,1,1,1,1,1,1,1,1,0,1,0,1,0,1,1,1,0,1,0,0,0,1,1,0,1,0,0,0,0,0,1,0,1,1,1,0,1,1,1,0,1,1,0,0,0,1,1,0,1,1,0,1,0,1,1,1,1,1,1,1,1,1,1
1111:0,0,1,1,1,1,1,1,1,0,0,1,1,1,1,1,1,0,1,1,0,0,1,1,1,0,1,0,1,0,1,1,0,0,0,0,0,0,0,1,1,1,1,0,1,0,1,1,1,1,1,0,1,0,1,1,1,1,1,1,0,1,1,1
1112:0,0,1,1,1,1,1,1,1,0,0,1,0,0,1,1,1,0,1,1,0,1,1,1,1,0,1,0,1,1,1,1,0,0,0,0,0,0,0,1,1,1,1,0,1,1,1,1,1,1,1,1,0,1,1,1,1,1,1,1,1,0,1,1
1113:0,0,1,1,1,1,1,1,1,1,0,1,1,1,1,1,1,1,0,1,1,1,1,1,1,0,1,0,1,1,0,1,1,0,1,0,1,1,0,1,1,0,1,0,1,1,0,1,0,1,1,1,0,0,1,1,0,0,0,0,0,0,0,1
1114:1,1,1,1,0,1,1,1,1,0,0,1,0,1,1,1,1,1,1,1,0,1,1,1,1,0,1,1,0,1,1,1,0,0,1,0,0,0,0,1,1,1,1,1,0,1,1,1,1,1,1,1,0,1,1,1,1,1,1,1,1,1,1,1
1115:1,1,1,1,1,1,1,1,1,0,0,1,0,1,1,1,1,1,1,1,0,1,1,1,1,0,1,0,0,1,0,1,1,1,0,0,1,1,1,1,1,1,0,0,1,1,1,1,1,1,1,1,1,0,0,1,1,1,1,1,1,1,1,1
1116:0,0,1,1,1,1,1,1,1,0,1,1,1,1,1,1,1,0,1,1,1,1,1,1,1,0,0,0,0,0,1,1,1,0,0,1,0,1,0,1,1,1,0,1,0,1,0,1,0,1,0,1,0,1,0,1,0,0,0,0,0,0,0,1
1117:0,0,0,1,1,1,1,1,1,1,1,1,1,1,1,1,1,0,1,1,1,0,0,1,1,1,1,0,0,1,1,1,1,1,0,1,0,0,1,1,1,0,1,1,1,0,0,1,1,0,0,1,1,0,1,1,1,1,1,1,1,1,1,1
1118:0,0,0,1,1,1,1,1,1,0,0,1,1,1,1,1,1,0,1,1,1,1,1,1,1,0,0,0,0,0,0,1,1,1,0,1,1,1,1,1,1,1,0,0,0,1,1,1,1,1,1,1,1,0,1,1,1,1,0,0,0,0,1,1
1119:0,0,1,1,1,1,1,1,1,0,0,1,1,1,1,1,1,0,1,1,1,1,1,1,1,0,0,0,0,0,0,1,1,1,1,0,1,1,1,1,1,1,1,0,1,1,1,1,1,1,1,0,1,1,1,1,1,1,1,0,1,1,1,1
1120:0,0,1,1,1,1,1,1,1,1,0,1,0,1,1,1,1,0,0,1,0,1,1,1,1,0,1,1,0,1,1,1,0,0,0,0,0,0,0,1,1,1,1,1,0,1,1,1,1,1,1,1,0,1,1,1,1,1,1,1,0,0,0,1
1121:0,0,1,1,1,1,1,1,1,1,0,1,1,1,1,1,1,1,1,0,1,1,0,1,1,0,1,0,1,1,0,1,1,0,1,1,0,0,0,1,1,0,1,1,1,0,1,1,0,1,1,1,1,1,1,1,0,0,0,0,0,0,0,1
1122:0,0,1,1,1,1,1,1,1,1,0,1,1,1,1,1,1,1,1,1,1,1,1,1,1,0,1,0,0,0,1,1,1,0,1,1,1,1,0,1,1,0,1,0,0,0,1,1,0,1,1,1,1,1,1,1,0,0,0,0,0,0,0,1
1123:1,1,1,1,1,1,1,1,0,0,1,1,0,1,1,1,1,0,1,1,0,1,1,1,0,0,1,1,0,1,1,1,1,1,1,0,0,0,0,1,1,1,1,0,0,0,1,1,1,1,1,1,0,1,1,1,1,1,1,1,0,1,1,1
1124:0,0,1,1,1,1,1,1,1,0,0,0,1,1,0,1,1,0,1,1,0,1,0,1,1,0,1,1,0,0,1,1,1,0,0,0,1,1,1,1,1,1,0,0,1,0,1,1,1,1,1,1,1,0,0,1,1,1,1,1,1,1,1,1
1125:0,0,0,0,0,0,1,1,1,1,1,0,1,0,1,1,1,0,1,0,1,1,1,1,1,0,1,0,1,0,1,1,0,0,0,0,0,0,0,1,1,1,1,1,1,0,1,1,1,1,1,1,1,0,0,1,1,1,1,1,1,1,0,1
1126:0,0,1,1,1,1,1,1,1,0,0,1,1,1,1,1,1,0,1,1,1,1,1,1,1,0,0,0,0,0,0,1,1,1,1,1,1,1,1,1,1,1,0,0,1,0,1,1,1,1,1,1,1,0,0,1,1,1,1,1,1,1,1,1
1127:0,0,1,1,1,1,1,1,1,1,0,1,1,1,1,1,1,1,1,1,0,0,0,1,1,0,1,0,0,1,0,1,1,0,1,1,0,0,1,1,1,0,1,1,1,0,1,1,0,1,1,1,1,1,1,1,0,0,0,0,0,0,0,1
1128:0,0,1,1,1,1,1,1,1,0,0,1,1,1,1,1,1,0,1,0,0,0,1,1,1,0,1,0,1,1,0,1,0,0,1,0,1,0,0,1,1,0,0,0,0,0,0,1,1,1,1,1,1,1,1,1,1,1,0,0,0,1,1,1
1129:0,0,1,1,0,1,1,1,1,0,1,1,0,0,1,1,1,0,1,0,1,1,0,1,1,0,1,0,0,0,0,1,1,0,1,0,1,0,1,1,1,1,1,0,1,1,1,1,0,1,1,1,1,1,1,1,0,0,0,0,0,0,0,1
1130:0,0,0,1,1,1,1,1,1,0,1,1,1,1,1,1,0,0,1,0,0,0,0,1,1,0,1,1,0,0,1,1,1,0,1,1,1,0,1,1,1,1,0,1,1,1,0,1,1,1,0,1,1,1,0,1,1,1,1,1,1,1,1,1
1131:0,0,1,1,1,1,1,1,1,1,0,1,1,1,1,1,1,1,1,0,1,1,0,1,1,0,1,1,0,0,1,1,1,0,1,0,0,0,1,1,1,0,1,0,1,1,1,1,0,1,1,1,1,1,1,1,0,0,0,0,0,0,0,1
1132:0,0,1,1,1,1,1,1,1,1,0,1,1,1,1,1,1,1,1,1,1,1,1,1,1,0,1,1,1,0,1,1,1,0,1,1,1,0,1,1,1,0,1,1,1,0,1,1,0,1,1,1,1,1,1,1,0,0,0,0,0,0,0,1
1133:0,0,1,1,1,1,1,1,1,1,0,1,1,1,1,1,1,1,1,1,1,1,1,1,1,0,1,1,0,0,1,1,1,0,1,1,0,0,1,1,1,0,1,1,1,1,1,1,0,1,1,1,1,1,1,1,0,0,0,0,0,0,0,1
1134:0,0,1,1,1,1,1,1,1,0,0,1,1,1,1,1,1,0,0,0,1,0,0,1,1,0,1,1,0,1,0,1,0,0,0,0,0,0,0,1,1,1,0,0,0,0,0,1,1,1,0,0,1,0,0,1,1,1,1,0,1,0,1,1
1135:0,0,1,1,1,1,1,1,1,1,0,1,1,1,1,1,1,1,1,1,1,1,1,1,1,0,1,0,0,0,0,1,1,0,1,1,1,1,1,1,1,0,1,1,1,1,1,1,0,1,1,1,1,1,1,1,0,0,0,0,0,0,0,1
1136:1,1,1,1,1,1,1,1,0,0,0,1,1,1,0,1,1,0,1,1,1,1,1,1,0,0,0,0,1,0,1,1,1,1,0,0,0,0,1,1,1,1,1,1,1,0,1,1,1,1,1,0,1,1,0,1,1,1,1,1,1,1,1,1
1137:0,1,1,1,1,1,1,1,0,0,1,1,1,1,1,1,0,1,1,1,1,1,1,1,0,0,0,1,0,1,0,1,1,1,1,1,1,0,1,1,1,1,1,0,1,0,0,1,1,0,0,0,0,1,1,1,1,0,1,1,1,1,1,1
1138:0,0,0,1,1,1,1,1,1,0,1,0,0,1,0,1,1,0,1,1,0,1,1,1,0,0,0,1,0,0,1,0,0,0,0,0,0,0,0,0,1,1,0,1,1,1,1,1,1,1,1,0,0,1,0,1,1,1,1,1,1,1,1,1
1139:0,0,1,1,1,0,0,1,1,0,1,0,1,1,1,0,0,1,0,1,0,1,0,1,0,0,0,0,0,0,0,1,1,1,0,1,0,1,0,1,1,1,0,1,0,1,1,0,1,1,1,0,1,1,0,1,1,1,1,1,1,0,1,1
1140:0,0,0,1,1,1,1,1,1,0,0,1,1,1,1,1,1,0,1,1,1,1,1,1,1,0,0,0,0,0,0,1,1,1,0,1,1,1,1,1,1,1,0,0,0,0,1,1,1,1,0,1,1,1,1,1,1,1,0,0,0,0,1,1
1141:1,1,1,1,1,1,1,1,0,0,1,0,1,0,1,1,1,0,1,0,1,1,1,1,0,1,1,0,1,1,1,1,0,0,0,0,0,0,0,1,1,1,1,0,1,0,1,1,1,1,1,0,1,0,1,1,1,1,1,0,1,0,0,1
1142:0,0,1,1,1,1,1,1,1,0,0,1,1,1,0,1,1,0,1,1,1,0,1,1,1,0,1,1,0,1,1,1,0,0,0,0,0,0,0,1,1,1,0,1,1,0,1,1,1,0,0,1,1,0,0,1,1,0,1,0,1,1,0,1
1143:0,0,1,1,1,1,1,1,1,0,0,1,1,1,1,1,1,0,1,1,1,1,1,1,0,0,0,0,0,0,0,1,1,0,1,1,1,1,1,1,1,0,1,1,1,1,1,1,1,0,1,0,0,1,0,1,1,0,0,0,0,0,0,1
1144:1,1,1,1,1,1,1,1,0,0,0,1,0,1,1,1,1,1,0,1,0,1,1,1,1,0,1,1,0,0,1,1,0,0,1,1,0,0,1,1,1,0,0,0,0,0,0,1,1,1,1,1,0,1,1,1,1,1,1,1,1,1,1,1
1145:1,1,1,0,0,1,1,1,0,0,1,1,0,1,1,1,1,0,1,1,0,0,1,1,1,0,1,1,0,0,1,1,1,0,0,0,0,0,0,1,1,1,1,1,0,1,1,1,1,1,1,1,0,1,1,1,1,1,1,1,1,1,1,1
1146:0,0,1,1,1,1,1,1,1,0,0,1,1,1,1,1,1,0,1,1,1,1,1,1,1,0,0,0,0,0,0,1,1,1,0,1,1,1,1,1,1,1,1,0,0,1,1,1,1,1,1,0,0,1,1,1,1,1,0,0,0,0,1,1
1147:0,0,1,1,1,1,1,1,1,0,0,1,0,1,1,1,1,1,1,0,0,0,1,1,1,0,1,1,1,1,1,1,1,0,1,1,0,1,1,1,1,1,1,0,1,0,1,1,0,1,1,1,1,1,1,1,0,0,0,0,0,0,0,1
1148:0,0,0,1,1,1,1,1,1,0,0,1,1,0,1,1,1,0,1,1,1,0,1,1,1,0,0,0,0,0,1,1,1,1,0,1,1,0,1,1,1,1,0,1,1,0,0,1,1,0,1,0,1,1,1,1,0,1,1,1,0,1,1,1
1149:0,0,1,1,1,1,1,1,1,0,0,1,0,1,1,1,1,0,1,0,1,0,0,1,1,0,1,0,1,0,1,1,0,0,1,0,1,0,1,1,1,0,0,0,0,0,0,1,1,1,1,1,1,1,1,1,1,1,0,0,0,0,1,1
1150:1,0,1,1,1,1,1,1,1,0,1,1,1,0,1,1,1,0,0,1,0,0,1,1,1,0,0,0,0,1,0,1,1,1,1,1,0,1,1,0,1,1,0,1,1,0,0,1,0,1,1,1,1,1,1,1,0,0,0,0,0,0,0,1
1151:0,0,1,1,1,1,1,1,1,0,1,1,1,1,1,1,1,0,1,1,0,0,1,1,0,0,1,1,0,0,1,1,1,1,1,1,0,0,0,1,1,1,1,1,0,1,1,1,1,1,1,0,1,1,1,1,1,1,1,0,1,1,1,1
1152:1,1,0,1,1,0,0,1,0,0,0,1,1,1,1,0,1,0,0,1,1,1,1,1,0,1,1,1,1,1,0,1,0,0,0,0,1,1,0,1,1,1,0,1,1,1,1,0,1,1,0,1,1,1,0,1,1,1,1,1,1,0,1,1
1153:0,0,0,1,1,1,1,1,0,0,0,0,0,0,0,1,1,0,1,1,1,1,1,0,0,0,1,1,1,1,0,0,1,0,0,0,0,0,0,1,1,1,1,1,1,1,1,1,1,1,1,0,1,1,1,1,1,1,1,1,1,1,1,1
1154:0,0,1,1,1,1,1,1,1,0,0,1,1,1,1,1,1,0,1,1,1,1,1,1,1,0,1,0,0,0,1,1,0,1,1,1,1,1,1,1,0,0,0,0,0,0,0,1,1,1,1,1,1,1,1,1,1,1,1,0,0,0,1,1
1155:0,0,0,1,1,1,1,1,1,1,1,1,0,0,1,1,1,0,0,1,1,0,0,1,1,1,1,1,0,1,1,1,1,1,0,0,1,0,1,1,1,1,0,1,1,1,0,1,1,1,0,1,1,1,0,1,1,1,1,1,1,1,1,1
1156:1,1,1,1,1,1,1,1,0,0,0,1,1,1,1,1,1,1,0,1,1,1,1,1,1,0,1,1,1,1,1,0,1,0,0,1,0,0,0,0,1,1,1,1,0,0,1,0,1,1,1,1,1,1,1,0,1,1,1,1,1,1,1,1
1157:0,0,1,1,1,1,1,1,1,0,1,1,0,0,1,1,1,0,1,1,1,1,1,1,0,0,1,1,0,0,1,1,1,1,0,0,0,0,0,1,1,1,1,1,1,1,1,1,1,1,1,1,1,1,1,1,1,1,1,1,1,1,1,1
1158:0,0,0,1,0,1,0,1,1,0,1,1,1,0,1,1,1,0,1,1,1,0,1,1,1,0,0,0,0,0,0,1,1,1,0,0,0,1,1,1,1,1,1,0,1,1,1,1,1,1,0,0,1,1,1,1,1,1,1,1,0,1,1,1
1159:1,0,0,1,1,1,1,1,1,1,1,0,1,1,1,1,1,1,1,0,0,0,1,1,1,1,0,1,1,0,1,1,0,0,0,0,0,0,0,1,1,0,0,1,0,0,1,1,1,0,1,1,0,1,1,1,1,0,0,0,0,0,0,1
1160:0,0,0,1,1,1,1,1,1,0,0,1,1,1,1,1,1,0,1,1,1,1,1,1,0,0,0,0,0,0,0,1,1,1,1,1,1,1,1,1,1,1,0,1,0,1,1,1,1,1,0,1,0,1,1,1,1,1,0,1,0,0,1,1
1161:1,1,1,1,1,1,1,1,0,0,1,0,1,0,1,1,1,0,1,0,1,0,1,1,1,0,1,0,1,0,1,1,0,0,0,0,0,0,0,1,1,1,1,0,1,0,1,1,1,1,1,0,1,0,1,1,1,1,1,0,1,0,1,1
1162:0,0,1,1,1,1,1,1,1,0,0,1,0,0,0,1,1,0,1,1,1,0,1,1,0,0,0,0,0,0,0,1,1,1,0,0,0,1,1,1,1,0,1,1,1,0,0,1,1,0,1,1,1,1,0,1,1,1,0,0,0,0,1,1
1163:0,0,1,1,1,1,1,1,1,0,1,1,1,1,1,1,1,0,1,0,0,1,0,1,1,0,1,1,1,1,0,1,1,0,1,0,1,1,1,1,1,1,1,0,1,0,0,1,0,1,1,0,1,1,0,1,0,0,0,0,0,0,0,1
1164:0,0,1,1,1,1,1,1,1,0,1,0,1,1,0,1,1,0,0,1,1,0,1,1,1,0,0,1,1,0,1,1,1,0,1,0,0,1,0,0,1,1,1,1,1,1,1,1,0,1,1,1,1,1,1,1,0,0,0,0,0,0,0,1
1165:1,1,1,1,1,1,1,1,1,1,0,1,1,1,1,1,1,1,0,1,1,1,1,1,1,1,1,1,0,0,1,1,1,1,1,1,1,1,1,1,1,0,1,1,0,1,1,1,1,0,0,0,0,0,1,1,1,1,1,1,1,1,1,1
1166:0,0,0,1,1,1,1,1,1,1,0,1,1,1,1,1,1,0,1,1,1,1,1,1,0,0,0,0,0,0,1,1,1,0,0,0,0,0,0,1,1,1,1,1,1,1,1,1,1,1,0,0,0,0,1,1,1,0,1,1,1,1,0,1
1167:0,0,1,1,1,1,1,1,1,0,0,1,1,1,1,1,1,0,1,1,0,0,1,1,1,0,1,1,0,0,1,1,0,0,0,0,0,1,0,1,1,1,1,1,0,1,0,1,1,1,1,1,0,0,1,1,1,0,0,1,0,1,1,1
1168:1,0,1,1,1,1,1,1,1,0,1,1,1,1,1,1,1,0,0,1,1,1,1,1,1,0,0,0,0,0,0,1,1,0,1,0,1,1,1,1,1,1,1,0,1,0,1,1,0,1,1,0,1,0,1,1,0,0,0,0,0,0,0,1
1169:1,1,1,0,0,1,1,1,0,0,0,0,0,0,0,1,1,1,1,1,1,0,0,1,0,0,0,0,0,0,0,1,1,1,0,0,0,0,0,1,1,1,1,1,1,0,0,1,1,1,1,1,1,0,0,1,1,1,1,1,1,1,0,1
1170:1,0,1,1,1,1,1,1,1,1,0,1,0,1,1,1,1,1,1,1,0,0,1,1,1,0,1,1,0,1,1,1,0,0,1,0,0,0,1,1,1,0,1,0,0,1,1,1,1,1,1,1,0,1,1,1,1,1,1,1,0,0,1,1
1171:1,0,1,1,1,1,1,1,1,0,1,1,1,1,1,1,1,1,1,0,0,0,1,1,1,0,0,0,0,1,0,1,1,0,1,0,0,0,0,1,1,1,1,0,0,0,1,1,0,1,1,1,0,0,1,1,0,0,0,0,0,0,0,1
1172:0,0,1,1,1,1,1,1,1,1,0,1,1,1,1,1,1,1,0,1,1,1,1,1,1,1,0,0,0,1,0,0,1,0,1,1,0,1,1,0,1,0,0,0,0,0,0,0,1,0,1,1,0,1,1,0,1,0,0,0,0,0,0,0
1173:0,0,1,1,1,1,1,1,1,0,1,1,1,1,1,1,1,0,1,1,0,0,1,1,1,0,0,0,0,0,0,1,1,1,1,0,1,1,1,1,1,1,1,0,1,1,0,1,1,1,1,1,1,1,0,1,1,1,1,1,1,1,0,1
1174:1,1,1,1,0,1,1,1,0,0,1,1,0,1,1,1,1,0,1,1,0,1,1,1,1,0,0,0,0,0,0,1,1,1,1,0,1,1,1,1,1,1,1,0,0,1,0,1,1,1,1,1,0,1,1,1,1,1,1,1,0,1,1,1
1175:1,1,1,1,1,1,1,1,0,0,0,0,1,1,1,1,1,0,1,0,1,1,0,1,0,1,1,0,1,1,1,1,0,0,0,0,0,0,1,0,1,1,0,0,0,1,1,1,1,1,1,0,1,1,0,1,1,1,1,1,1,1,1,1
1176:0,0,0,1,1,1,1,1,1,1,1,1,1,1,1,1,1,0,1,1,0,0,1,1,1,0,1,0,0,0,0,1,1,0,1,1,1,0,1,1,0,1,1,1,1,1,1,1,0,1,1,1,1,1,1,1,1,0,0,1,1,1,0,1
1177:0,0,0,1,1,1,1,1,1,1,1,1,1,1,1,1,1,0,1,1,0,0,1,1,1,0,1,1,0,1,1,1,1,0,1,1,0,1,1,1,0,1,1,0,0,0,0,1,0,1,1,1,1,1,1,1,1,0,0,0,0,0,0,1
1178:0,0,0,1,1,1,1,1,1,0,0,1,1,1,1,1,1,0,1,1,1,1,1,1,1,0,0,0,0,0,0,1,1,1,0,1,1,0,1,1,1,1,1,1,1,0,1,1,1,1,0,1,1,0,1,1,1,0,0,0,0,0,0,1
1179:0,0,0,1,0,1,1,1,1,1,1,1,0,1,1,1,1,0,1,0,0,0,0,1,1,0,1,1,0,0,1,1,1,0,1,1,0,0,1,1,0,1,1,1,0,1,1,1,0,1,1,1,0,1,1,1,1,0,0,0,1,1,0,1
1180:1,1,1,1,1,1,1,1,1,1,0,1,1,1,0,1,0,0,1,0,1,1,1,1,1,0,1,0,1,1,1,1,0,0,0,0,0,0,0,1,1,1,1,0,1,1,1,1,1,1,0,1,1,0,0,1,1,0,0,1,1,1,0,1
1181:0,0,1,1,1,1,1,1,1,0,0,1,1,1,1,1,1,0,1,1,1,1,1,1,0,0,0,0,0,0,0,1,1,1,1,1,1,0,1,1,1,0,1,1,1,0,1,1,1,0,1,1,1,1,0,1,1,0,1,1,1,0,1,1
1182:0,0,1,0,1,1,1,1,1,0,1,0,1,1,1,1,1,0,1,0,1,1,1,1,1,0,1,0,0,0,1,1,1,1,1,0,1,0,1,1,1,0,1,0,1,1,0,1,1,0,1,0,1,1,0,1,1,1,1,1,1,1,1,1
1183:0,0,0,1,1,1,1,1,1,1,1,0,0,0,1,1,1,0,1,0,1,1,1,1,1,0,1,0,0,1,1,1,1,0,1,0,1,1,1,1,0,1,1,0,0,1,1,1,0,1,1,1,0,0,1,1,1,0,0,1,1,1,0,1
1184:0,0,1,1,1,1,1,1,1,0,1,0,1,1,0,1,1,0,1,0,1,0,1,1,1,0,0,0,0,0,1,1,1,1,1,0,1,1,0,1,0,0,0,0,0,0,1,1,1,1,1,0,1,0,1,1,1,1,1,1,1,0,0,1
1185:1,0,1,1,1,1,1,1,1,0,0,1,0,0,0,1,1,0,1,1,0,0,1,1,1,0,1,1,0,1,0,1,0,0,0,1,1,1,1,1,0,0,0,0,0,0,0,1,1,1,0,1,1,1,1,1,1,0,1,1,1,1,1,1
1186:1,1,1,1,1,1,1,1,1,0,0,1,1,1,1,1,1,0,1,1,1,1,1,1,1,0,1,1,1,1,1,1,0,0,1,1,1,1,0,1,1,1,1,1,1,1,0,1,1,1,1,1,1,1,1,1,1,1,1,1,1,1,1,1
1187:0,0,1,1,1,1,0,1,1,0,0,1,1,1,0,1,1,0,1,0,0,1,0,1,1,0,1,0,0,0,0,1,1,0,0,1,0,0,1,1,1,1,1,1,1,0,1,1,1,1,1,1,1,1,0,1,1,1,1,1,1,1,0,1
1188:0,0,1,0,0,0,0,1,1,0,1,1,0,1,1,1,0,0,0,1,0,0,0,1,1,1,1,1,1,1,1,1,0,0,0,1,1,0,0,1,1,0,0,1,1,1,0,1,0,0,1,1,1,0,1,1,1,1,0,1,1,0,0,1
1189:0,0,0,1,1,1,1,1,1,1,0,1,0,1,1,1,1,0,0,1,0,0,1,1,1,0,0,0,0,0,0,1,1,0,0,0,0,0,0,1,0,0,0,0,0,0,1,1,0,0,0,0,0,1,1,1,1,1,1,1,1,1,0,1
1190:0,0,0,1,1,1,1,1,1,0,0,1,1,1,1,1,1,0,1,1,1,1,1,1,1,1,1,1,0,0,0,1,1,1,0,1,1,1,1,1,1,0,1,0,1,0,1,1,1,1,1,0,1,0,1,1,1,0,0,1,1,0,0,1
1191:1,1,1,1,1,1,1,1,0,0,0,0,0,1,1,1,1,0,1,1,0,1,1,1,0,1,1,0,0,1,1,1,0,0,0,0,0,0,0,1,1,1,1,0,1,0,1,1,1,1,1,0,0,0,0,1,1,1,1,1,0,1,1,1
1192:1,1,1,1,1,1,1,1,0,0,1,0,1,1,1,1,1,0,1,0,1,1,1,1,0,1,1,0,1,0,0,1,0,0,0,0,0,0,0,1,1,1,1,0,1,0,0,1,1,1,1,0,0,1,1,1,1,1,1,0,1,1,1,1
1193:1,1,1,1,1,1,1,1,1,0,0,1,1,0,1,1,1,0,1,1,1,1,0,1,1,0,1,0,1,1,0,1,0,0,0,0,0,0,0,1,1,1,1,0,1,1,0,1,1,1,1,1,1,0,0,1,1,1,1,1,0,0,1,1
1194:0,0,0,1,0,0,1,1,1,0,1,1,1,0,1,1,1,0,0,0,0,0,0,1,1,1,1,1,0,1,1,1,1,1,1,1,0,0,1,1,1,1,1,1,1,1,1,1,1,1,1,1,1,1,1,1,1,1,1,1,1,1,1,1
1195:1,0,1,1,1,1,1,1,1,0,1,0,1,0,1,1,1,0,1,1,1,1,1,1,0,0,1,0,0,0,0,1,1,1,0,1,1,1,1,1,1,1,0,1,1,1,1,1,1,1,0,1,1,0,1,1,1,1,0,1,1,1,1,1
1196:0,0,1,1,1,1,1,1,1,0,1,1,1,1,1,1,0,0,1,1,1,1,1,1,1,0,0,0,0,0,1,1,1,1,0,1,0,0,1,1,1,1,0,1,0,0,1,1,1,1,0,1,0,0,1,1,1,1,1,1,1,1,1,1
1197:0,0,1,1,1,1,1,1,1,0,1,1,1,1,1,1,0,0,1,1,1,1,1,1,1,0,0,0,0,0,0,1,1,1,1,1,1,1,1,1,1,1,1,1,1,0,1,1,1,1,1,1,1,0,1,1,1,1,1,1,1,1,1,1
1198:0,0,1,1,1,1,1,1,1,0,1,1,1,0,1,1,1,0,1,1,0,0,1,1,1,0,0,0,0,0,1,1,1,1,1,1,1,0,1,1,1,0,0,1,1,0,0,1,1,0,0,1,1,1,1,1,1,1,1,1,1,1,1,1
1199:0,0,0,1,1,1,1,1,1,1,1,0,1,1,1,1,1,0,1,0,1,0,1,1,1,0,1,0,0,0,1,1,1,0,1,0,1,0,1,1,0,1,1,0,1,1,1,1,0,1,1,0,1,0,0,1,1,0,0,1,0,1,0,1
1200:1,1,1,1,1,1,1,1,1,0,0,1,0,1,1,1,1,0,1,1,0,0,1,1,1,0,0,0,0,0,0,1,1,1,1,1,0,1,1,1,1,1,0,0,0,0,0,1,1,1,1,1,1,1,0,1,1,1,1,1,1,1,1,1
1201:1,0,1,1,1,1,1,1,1,0,1,0,1,1,0,1,1,0,1,1,0,0,1,1,0,0,1,1,0,0,1,1,1,0,1,1,1,0,1,1,1,0,1,1,1,1,1,1,1,0,1,1,1,0,1,1,1,0,0,1,1,0,0,1
1202:1,1,1,1,1,1,1,1,1,0,0,1,0,0,1,1,1,0,1,1,0,0,1,1,1,0,1,1,0,0,1,1,0,0,0,0,0,1,0,1,1,1,1,0,0,1,1,1,1,1,1,1,1,0,0,1,1,1,1,1,1,1,1,1
1203:1,0,1,1,0,0,1,1,1,0,0,0,0,0,1,1,1,0,1,0,1,0,1,1,0,0,1,0,0,0,0,1,1,0,0,0,0,0,0,1,1,1,1,0,0,0,1,1,1,1,1,1,1,1,0,1,1,1,1,1,1,1,1,1
1204:0,0,0,1,1,1,1,1,1,0,0,1,1,1,1,1,1,0,1,1,1,1,1,1,1,0,0,0,0,0,0,1,1,1,1,0,0,1,1,1,1,1,0,1,0,0,1,1,1,0,0,1,1,0,0,1,1,1,1,1,1,1,1,1
1205:0,0,1,1,1,1,1,1,1,0,1,1,1,1,1,1,1,0,1,1,1,1,0,1,1,1,0,0,0,1,1,1,1,1,1,0,0,1,1,1,1,1,1,0,0,1,1,1,1,1,1,1,0,1,1,1,1,1,1,1,1,1,1,1
1206:1,1,1,1,1,1,1,1,1,1,0,1,1,1,0,1,0,0,0,1,0,0,0,1,1,0,0,1,1,1,0,1,0,0,0,1,0,0,0,1,1,1,0,1,1,1,0,1,1,1,0,1,1,1,0,1,1,1,0,1,1,1,0,1
1207:1,0,1,1,1,1,1,1,1,0,1,1,0,1,1,1,1,0,1,1,1,1,1,1,0,0,1,0,0,1,0,1,1,1,1,1,1,0,1,1,1,1,1,1,1,0,1,1,1,1,1,1,1,0,1,1,1,1,1,1,1,0,1,1
1208:0,0,0,0,1,1,1,1,1,1,1,0,1,0,1,1,1,1,0,1,1,0,1,1,1,1,0,1,1,1,1,1,0,1,0,0,0,0,0,1,0,1,1,1,1,1,1,1,0,1,1,1,1,1,1,1,1,0,0,0,1,1,1,1
1209:0,0,0,1,1,1,1,1,1,0,1,0,1,0,1,1,1,0,1,0,0,0,0,1,1,1,1,0,1,0,1,1,1,1,1,1,1,1,1,1,1,1,0,0,0,0,0,1,1,1,1,1,1,1,0,1,1,1,1,1,1,1,1,1
1210:0,0,1,1,0,1,1,1,1,0,1,0,1,0,1,1,1,1,1,1,1,0,1,1,0,0,1,0,1,0,1,1,1,0,0,0,0,0,0,1,1,1,1,0,1,1,1,1,1,1,0,1,0,1,1,1,0,0,1,1,1,0,0,1
1211:1,1,1,1,1,1,1,1,1,0,0,0,1,1,1,1,1,0,1,0,1,1,0,1,1,0,0,0,0,0,1,1,1,1,1,0,1,1,0,1,1,0,0,0,0,1,1,1,1,1,1,0,0,1,1,1,1,1,1,0,1,1,1,1
1212:1,0,1,1,1,1,1,1,1,0,0,1,1,1,1,1,0,0,0,0,0,0,0,1,1,0,1,1,1,1,1,0,1,1,1,0,1,0,1,0,1,0,0,0,0,0,0,1,1,1,1,0,1,0,1,1,1,1,1,0,1,0,1,1
1213:1,0,0,1,1,1,1,1,1,1,0,1,1,1,1,1,0,1,0,0,0,0,0,1,0,1,1,1,0,1,1,0,0,0,1,0,1,0,1,1,1,0,0,0,0,0,0,1,1,1,1,0,1,0,1,1,1,1,1,1,1,0,1,1
1214:0,0,1,1,1,1,1,1,1,0,1,0,0,0,1,1,1,0,1,0,0,0,1,1,1,0,0,0,0,0,0,1,1,1,1,0,0,0,1,1,1,1,1,0,1,0,1,1,1,1,0,1,1,1,0,1,1,1,1,1,0,1,1,1
1215:1,1,1,1,1,1,1,1,1,1,0,1,1,1,0,1,0,0,1,0,1,0,0,1,1,0,1,1,0,0,1,1,1,1,1,1,0,0,1,1,1,1,1,0,1,0,1,1,1,1,0,1,0,1,0,1,1,1,1,1,1,1,0,1
1216:0,1,1,1,1,1,1,1,0,0,1,1,1,1,1,1,0,0,1,1,1,1,1,1,1,1,1,1,1,1,1,1,1,1,1,1,1,0,1,1,0,1,0,0,0,1,0,1,0,1,1,0,0,1,0,1,1,0,0,1,1,0,0,1
1217:0,0,1,1,1,0,0,1,1,0,1,1,1,1,0,1,1,0,0,0,0,1,0,1,0,1,1,0,1,1,0,1,0,0,0,0,0,0,1,1,1,1,1,1,1,0,1,1,1,1,1,1,1,0,1,1,1,1,1,1,1,1,0,1
1218:0,0,1,1,1,0,0,1,1,0,1,0,1,1,0,1,1,0,1,0,0,1,0,1,0,1,1,0,1,1,0,1,0,0,1,0,0,0,1,1,1,1,1,1,1,0,1,1,1,1,1,1,1,0,1,1,1,1,1,1,1,1,0,1
1219:0,0,1,1,1,1,1,1,1,0,1,1,1,1,1,1,1,1,1,0,1,1,0,1,1,0,1,1,1,1,1,1,1,0,1,0,1,1,0,1,1,1,1,1,1,1,1,1,0,1,1,1,1,1,1,1,0,0,0,0,0,0,0,1
1220:0,0,1,1,1,1,1,1,1,0,0,1,1,1,1,1,1,0,1,1,0,1,1,1,1,0,1,1,1,1,1,1,1,1,0,0,0,0,1,1,1,1,1,1,1,1,1,1,1,1,0,1,1,0,1,1,1,0,0,0,0,0,0,1
1221:0,0,0,1,1,1,1,1,1,1,1,1,1,0,1,1,1,0,1,1,0,0,1,1,1,0,1,1,0,0,0,1,1,0,1,1,0,0,1,1,0,1,1,1,1,1,1,1,0,1,1,1,1,1,0,1,1,0,0,1,0,1,0,1
1222:0,0,1,1,1,1,1,1,1,0,0,1,1,0,1,1,1,1,1,1,0,0,1,1,1,0,1,1,0,0,1,1,1,0,1,1,0,0,1,1,0,0,0,1,0,0,1,1,1,1,1,1,1,1,1,1,1,1,1,0,0,0,1,1
1223:0,0,1,1,1,1,1,1,1,0,0,1,1,1,1,1,1,0,1,1,0,0,1,1,1,0,1,1,1,1,1,1,0,0,0,0,0,0,0,1,1,1,1,1,1,1,1,1,1,1,0,1,1,0,1,1,1,1,1,1,1,1,0,1
1224:0,0,1,1,1,1,1,1,1,0,1,0,0,0,1,1,1,0,1,0,0,0,1,1,0,0,1,1,1,0,1,1,1,0,1,0,0,1,1,1,1,1,1,0,0,0,1,1,1,1,0,1,1,1,0,1,1,1,0,1,1,1,1,1
1225:1,1,0,0,1,1,1,1,1,1,1,0,1,1,1,1,1,1,1,1,1,0,0,1,0,1,0,1,1,0,1,1,1,1,0,1,1,0,1,1,1,1,1,1,1,0,1,1,1,0,0,1,1,1,1,1,1,1,0,1,1,1,0,1
1226:1,0,1,1,1,1,1,1,1,1,0,1,1,1,1,1,1,1,0,0,0,0,0,1,0,0,0,1,0,0,0,1,1,0,0,0,0,0,0,1,1,1,1,1,1,1,1,1,1,1,0,1,1,0,1,1,1,0,1,1,1,1,1,1
1227:0,0,1,1,1,1,1,1,1,0,0,1,1,1,1,1,1,0,1,1,0,1,1,1,1,0,0,0,0,0,0,1,1,1,0,0,1,1,1,1,1,1,0,0,1,1,1,1,1,1,1,1,1,1,1,1,1,1,0,0,1,1,1,1
1228:0,1,1,1,1,1,1,1,0,0,1,1,1,1,1,1,0,1,1,1,0,1,1,1,1,0,0,0,0,0,0,1,1,1,1,1,1,1,1,1,1,1,0,0,0,0,1,1,1,1,0,1,1,0,1,1,1,1,1,1,1,1,1,1
1229:0,0,0,1,1,1,1,1,1,1,1,1,1,0,1,1,1,0,1,0,0,0,1,1,1,0,1,1,1,0,1,1,1,0,1,0,0,0,1,1,0,1,1,1,1,1,1,1,0,1,1,1,1,1,1,1,1,0,0,1,1,1,0,1
1230:1,1,1,1,1,1,1,1,1,0,0,1,0,1,1,1,1,0,1,1,0,0,1,1,1,0,1,1,0,1,1,1,1,0,0,0,0,0,0,1,1,1,0,0,0,0,1,1,1,1,0,0,1,0,1,1,1,1,1,1,0,1,1,1
1231:1,0,1,1,1,1,1,1,1,0,0,1,0,0,1,1,1,0,1,1,0,1,1,1,1,0,1,1,0,1,1,1,1,1,1,1,1,1,1,1,1,1,0,0,0,0,0,1,1,1,1,1,0,1,0,1,1,1,1,1,1,1,1,1
1232:1,1,1,1,1,1,1,1,1,1,0,1,1,0,1,1,1,0,0,1,1,1,0,1,1,1,0,1,0,1,1,0,0,0,0,0,0,0,0,0,1,1,0,1,0,1,0,1,1,1,0,1,1,0,0,1,1,1,0,1,1,0,1,1
1233:0,0,1,1,1,1,1,1,1,0,1,1,1,1,1,1,1,0,1,0,1,1,0,1,1,0,1,1,1,1,0,1,1,0,0,1,0,0,0,0,1,1,1,1,1,1,0,1,1,1,1,1,1,1,0,1,1,1,1,0,1,1,1,1
1234:0,0,1,1,1,1,1,1,1,1,0,1,1,1,1,1,1,1,0,1,1,1,1,1,1,1,0,0,0,0,0,0,1,0,1,0,1,0,1,0,1,0,0,0,0,0,0,0,1,0,1,0,1,0,1,0,1,0,0,0,0,0,0,0
1235:0,0,1,1,1,1,1,1,1,0,0,1,1,1,1,1,1,0,1,1,1,1,1,1,1,1,1,1,1,1,1,1,1,1,1,1,0,1,1,1,1,1,0,1,0,0,1,1,1,1,0,1,0,1,1,1,1,0,0,0,0,0,0,1
1236:1,1,1,0,1,0,1,1,0,0,0,1,0,1,0,1,0,1,1,1,0,1,0,1,0,0,0,0,0,0,0,1,1,1,1,1,1,1,1,1,1,1,0,1,1,1,1,1,1,1,1,1,1,0,1,1,1,1,1,1,1,0,1,1
1237:0,0,1,1,1,1,1,1,1,0,1,1,1,1,1,1,1,0,0,0,0,0,0,1,1,1,1,1,0,1,1,1,1,1,1,1,1,1,1,1,1,0,1,1,1,1,0,1,1,1,1,1,0,1,1,1,1,1,1,1,1,1,1,1
1238:0,0,1,1,1,1,1,1,1,0,1,1,1,1,1,1,1,0,1,1,0,0,0,1,1,0,0,1,0,0,0,1,1,0,0,1,1,1,1,1,1,0,0,0,1,1,1,1,1,1,0,1,1,1,1,1,1,1,0,1,1,1,1,1
1239:0,1,1,1,1,1,1,1,1,0,1,1,1,0,1,1,1,1,1,0,1,0,1,1,0,1,1,1,1,0,1,1,0,0,0,0,0,0,0,1,1,1,1,1,1,0,1,1,1,1,1,0,1,0,1,1,1,1,1,0,1,0,0,1
1240:1,1,0,0,1,1,1,1,1,1,1,0,0,0,1,1,1,1,1,0,0,1,0,1,0,1,0,0,0,0,0,1,0,1,0,1,0,1,0,1,1,1,0,1,0,0,1,1,1,0,0,0,0,0,1,1,1,1,1,1,1,1,0,1
1241:1,0,0,0,0,1,1,1,1,1,0,0,1,1,1,1,1,1,0,0,1,0,1,1,1,1,1,0,0,0,1,1,1,1,1,1,1,1,1,1,0,0,0,0,0,0,0,1,1,1,1,0,0,1,0,0,1,1,1,1,1,1,1,1
1242:0,0,0,1,1,1,1,1,1,0,1,1,1,1,1,1,1,0,0,0,0,0,0,1,1,1,1,1,1,1,1,1,1,0,0,1,1,0,1,1,1,0,0,1,1,0,1,1,1,0,0,1,1,1,0,1,1,1,1,1,1,1,1,1
1243:0,0,1,1,1,1,1,1,1,0,1,1,1,1,1,1,0,0,1,1,1,1,1,1,0,0,0,0,0,0,0,1,1,0,0,1,1,1,1,1,1,1,0,0,0,1,0,1,1,1,0,1,1,0,1,1,1,1,0,0,0,0,1,1
1244:1,1,0,1,1,1,1,1,1,1,1,1,1,0,0,1,0,0,0,0,0,0,0,1,1,1,0,1,1,0,0,1,1,1,0,0,0,0,0,1,0,0,0,1,1,0,1,1,1,1,1,0,1,1,1,1,1,1,1,1,1,1,0,1
1245:1,0,1,1,1,1,1,1,1,0,0,1,0,0,1,1,0,0,0,0,0,0,0,1,1,0,1,1,1,1,1,0,0,0,0,0,0,0,0,1,1,1,1,1,1,1,1,1,1,0,1,0,1,0,1,1,1,1,1,1,1,0,0,1
1246:1,0,1,1,1,1,1,1,1,0,1,1,1,1,1,1,1,0,1,1,0,0,1,1,1,0,1,0,0,0,1,1,1,1,1,1,0,0,1,1,0,1,1,1,0,0,1,1,0,1,1,1,1,1,1,1,0,0,0,0,0,0,0,1
1247:0,0,1,1,1,1,1,1,1,0,1,1,1,1,1,1,1,0,0,0,0,0,0,1,0,1,0,1,1,1,1,1,0,1,0,0,0,0,1,1,1,1,1,1,1,0,1,1,1,1,1,1,1,0,1,1,1,1,1,1,1,1,0,1
1248:0,0,1,1,1,1,1,1,1,0,1,0,1,1,1,1,1,0,1,0,1,1,0,1,1,0,0,0,0,0,0,1,1,1,0,1,1,1,1,1,1,1,0,0,0,0,0,1,1,1,1,1,0,1,0,1,1,1,1,1,1,1,1,1
1249:1,0,0,1,1,1,1,1,1,1,0,1,1,1,1,1,1,1,0,1,1,1,0,1,0,1,0,1,0,1,0,1,0,1,1,1,1,1,1,1,1,1,1,1,0,1,0,1,1,0,1,1,1,1,1,1,1,0,0,0,0,0,0,1
1250:0,0,0,0,0,0,0,1,1,1,1,1,1,1,0,1,1,0,0,1,1,1,0,1,0,1,1,1,1,0,1,1,0,1,1,1,1,0,1,1,1,0,0,1,0,1,1,1,1,1,1,1,0,1,1,1,1,1,1,1,0,0,0,1
1251:0,0,0,0,0,0,0,1,0,0,1,0,0,1,0,1,1,1,1,0,1,1,0,1,1,0,1,0,1,1,1,1,1,0,1,0,1,0,1,1,1,1,0,1,0,1,1,1,1,1,1,1,0,1,1,1,1,1,1,1,0,0,0,1
1252:0,0,0,0,0,0,0,1,1,0,0,1,1,1,0,1,1,1,1,1,1,1,0,1,1,0,1,1,1,0,1,1,1,0,0,0,1,0,1,1,1,1,0,1,0,1,1,1,1,1,1,1,0,1,1,1,1,1,1,1,0,0,0,1
1253:0,0,0,0,0,0,0,1,1,1,1,1,1,1,0,1,1,1,0,1,1,1,0,1,1,0,1,0,1,0,1,1,1,0,1,0,1,0,1,1,1,0,0,0,0,1,1,1,1,1,1,1,0,1,1,1,1,1,1,1,0,0,0,1
1254:0,0,0,0,0,0,0,1,1,0,0,1,1,1,0,1,1,1,1,1,1,1,0,1,1,1,1,1,1,0,1,1,1,1,1,1,1,0,1,1,1,0,0,1,0,1,1,1,1,1,1,1,0,1,1,1,1,1,1,1,0,0,0,1
1255:0,0,0,0,0,0,1,1,1,1,0,1,1,0,0,1,1,1,0,1,1,0,1,1,1,1,0,1,1,0,1,1,1,1,0,1,1,0,0,1,0,0,0,0,0,1,1,1,1,1,1,1,0,1,1,1,1,1,1,1,0,1,1,1
1256:0,0,0,0,0,0,0,1,1,1,1,1,1,1,0,1,1,0,1,0,1,1,0,1,0,1,0,1,1,1,0,1,0,1,0,1,1,0,1,1,0,1,0,0,1,0,1,1,1,0,1,0,1,0,1,1,1,1,1,1,1,0,0,1
1257:0,0,0,0,0,0,0,1,1,1,0,1,1,1,0,1,1,1,0,1,1,1,0,1,1,0,1,0,1,1,0,1,0,0,0,0,0,0,1,1,1,0,1,0,1,0,1,1,1,1,0,1,1,0,1,1,1,1,1,1,1,0,0,1
1258:0,0,0,0,0,0,0,1,1,1,1,1,1,1,0,1,1,1,0,1,1,1,0,1,0,1,0,1,1,1,0,1,0,0,0,0,1,0,1,1,1,1,0,1,1,0,1,1,1,1,0,1,1,0,1,1,1,1,0,1,1,0,0,1
1259:0,0,0,0,0,0,0,1,1,1,1,1,1,1,0,1,1,1,1,1,1,1,0,1,1,0,1,0,1,1,0,1,1,0,1,1,1,1,1,1,1,0,1,0,1,0,1,1,1,1,1,1,1,0,1,1,1,1,1,1,1,0,0,1
1260:1,1,1,1,1,1,1,1,1,0,1,0,1,1,1,1,1,0,1,0,1,1,1,1,0,0,0,0,0,0,1,1,1,0,1,0,1,0,1,1,1,0,1,0,1,0,1,1,1,0,1,0,1,0,1,1,1,0,1,0,1,0,0,1
1261:1,0,0,0,0,0,1,1,1,0,0,1,0,1,0,1,0,1,0,1,0,1,0,1,0,1,0,1,0,1,1,1,0,1,1,0,1,0,1,1,0,1,1,0,0,0,1,1,1,1,1,1,1,0,1,1,1,1,1,1,1,0,0,1
1262:1,1,1,1,1,1,1,1,1,1,0,1,1,1,1,1,0,0,0,0,0,0,1,1,1,0,1,1,1,0,1,1,0,1,1,1,1,0,0,1,0,0,0,0,1,1,1,1,1,1,1,0,1,1,1,1,1,1,1,1,1,1,1,1
1263:0,0,0,0,0,0,0,1,1,1,1,1,1,1,0,1,1,1,0,1,1,1,0,1,1,0,1,0,1,1,0,1,1,1,0,1,1,0,1,1,0,1,1,0,0,0,1,1,1,0,0,1,1,0,1,1,1,1,1,1,1,0,0,1
1264:0,0,0,0,0,0,0,1,1,1,1,1,1,1,0,1,1,1,1,1,1,1,0,1,1,1,1,0,1,1,0,1,0,1,1,1,1,0,1,1,1,0,1,1,1,0,1,1,1,1,1,1,1,0,1,1,1,1,1,1,1,0,0,1
1265:0,0,0,0,0,0,0,1,1,0,0,1,1,1,0,1,1,1,0,1,1,1,0,1,1,1,0,0,1,1,0,1,0,0,0,0,1,0,1,1,1,1,0,1,1,0,1,1,1,1,0,1,1,0,1,1,1,1,1,1,1,0,0,1
1266:1,1,1,1,1,1,1,1,1,1,0,1,1,1,1,1,0,0,0,0,0,0,1,1,1,1,0,0,1,0,0,1,1,0,0,0,1,0,1,1,1,1,0,1,1,0,1,1,1,1,0,1,1,0,1,1,1,1,0,1,1,0,0,1
1267:1,1,1,1,1,1,1,1,1,1,0,0,1,1,1,1,0,0,0,0,0,0,1,1,1,1,1,1,1,0,1,1,1,1,1,1,1,0,0,1,1,1,0,0,1,1,1,1,0,0,1,1,0,0,1,1,0,1,1,1,1,0,1,1
1268:1,0,0,0,0,0,0,1,1,1,1,1,1,1,0,1,1,0,1,0,0,1,0,1,0,1,0,1,0,1,0,1,1,1,0,1,1,0,1,1,0,0,1,0,0,0,1,1,1,1,1,1,1,0,1,1,1,1,1,1,1,0,0,1
1269:1,0,0,0,0,0,0,1,1,1,1,1,1,1,0,1,1,0,0,0,1,1,0,1,1,1,1,0,1,1,0,1,0,1,0,1,1,0,0,1,0,1,0,1,1,0,1,1,1,0,1,1,1,0,1,1,1,0,0,0,1,0,0,1
1270:0,0,0,0,0,0,0,1,1,1,1,1,1,1,0,1,1,1,1,0,1,1,0,1,0,0,1,1,0,1,0,1,0,1,1,1,1,1,0,1,0,1,1,0,1,1,1,1,0,1,1,0,1,0,1,1,1,1,1,1,1,0,0,1
1271:0,0,0,0,0,0,0,1,0,1,0,0,1,1,0,1,0,1,0,0,1,1,0,1,0,1,0,0,1,1,0,1,0,1,0,0,1,0,1,1,0,1,0,1,1,0,1,1,1,1,1,1,1,0,1,1,1,1,1,1,1,0,0,1
1272:1,0,0,0,0,0,0,1,1,1,1,1,1,1,0,1,1,1,1,1,1,1,0,1,1,0,1,0,1,1,0,1,1,0,0,0,1,1,1,1,1,0,1,0,1,0,1,1,1,0,1,0,1,0,1,1,1,1,1,1,1,0,0,1
1273:0,0,0,0,0,0,1,1,1,1,1,1,1,0,1,1,1,0,0,1,1,0,1,1,1,1,1,1,1,0,0,1,1,1,1,1,1,1,1,1,1,1,1,1,1,0,1,1,1,1,1,1,1,0,1,1,1,1,1,1,1,0,0,1
1274:1,1,1,1,1,1,1,1,1,0,0,0,1,1,1,1,1,0,0,0,1,1,1,1,0,0,0,0,0,0,1,1,1,0,0,0,1,0,1,1,1,0,1,0,1,0,1,1,1,0,0,0,0,0,1,1,1,1,1,1,0,0,0,1
1275:1,1,0,1,1,1,1,1,1,0,1,0,1,1,1,1,1,0,1,0,1,1,1,1,0,0,0,0,0,0,1,1,1,0,0,0,1,0,0,1,0,0,1,0,0,0,1,1,1,1,1,1,1,0,1,1,1,1,1,1,1,0,0,1
1276:0,0,0,0,1,1,1,1,1,0,1,0,0,1,0,1,0,0,0,0,0,0,0,1,1,0,1,1,0,1,1,0,0,0,1,0,1,0,0,1,1,0,1,0,1,1,1,1,1,0,1,1,0,1,1,1,1,0,1,1,0,1,1,1
1277:1,1,1,1,1,1,1,1,1,0,1,0,1,1,1,1,0,0,0,0,0,0,1,1,1,0,0,0,1,0,0,1,1,0,1,0,1,1,1,1,1,0,0,0,1,0,1,1,1,1,1,1,1,0,1,1,1,1,1,1,1,0,0,1
1278:1,1,1,0,0,1,1,1,1,0,0,1,0,0,1,1,1,1,0,1,1,1,1,1,1,1,0,1,0,1,1,1,0,0,0,0,0,0,0,1,1,1,1,0,1,1,1,1,1,1,1,0,1,1,1,1,1,1,1,0,0,0,1,1
1279:0,0,0,0,0,0,0,1,1,1,0,1,1,1,0,1,1,1,0,0,1,1,0,1,1,1,0,1,1,1,1,1,0,1,0,0,1,0,0,1,1,1,1,1,1,0,1,1,1,1,1,1,1,0,1,1,1,1,1,1,1,0,0,1
1280:0,0,0,0,0,0,1,1,1,0,0,1,1,1,0,1,1,0,0,1,1,1,1,1,1,0,0,1,1,0,1,1,1,0,0,1,1,0,1,1,1,1,1,1,1,0,0,1,1,1,1,1,1,1,1,1,1,1,1,1,1,1,1,1
1281:0,0,0,0,0,0,0,1,1,0,0,0,1,1,0,1,1,0,1,0,1,1,0,1,1,0,1,0,1,1,0,1,1,0,0,0,1,1,1,1,1,1,1,1,1,0,1,1,1,1,1,1,1,0,1,1,1,1,1,1,1,0,0,1
1282:0,0,0,0,0,0,0,1,1,0,0,1,1,1,0,1,1,1,0,1,1,1,0,1,1,0,0,0,1,0,1,1,1,0,0,0,1,0,1,1,1,1,0,1,1,0,1,1,1,1,0,1,1,0,0,1,1,1,1,1,1,1,1,1
1283:0,0,0,0,0,0,0,0,1,1,1,1,1,1,1,0,0,0,1,0,0,1,0,1,1,0,1,1,0,1,0,1,1,1,1,1,1,1,0,1,1,1,0,0,1,1,1,1,1,1,0,0,1,0,0,1,1,1,1,1,1,1,0,1
1284:1,0,0,0,0,0,1,1,1,0,1,1,1,1,0,1,0,0,0,0,0,0,0,1,0,0,1,1,1,0,1,1,0,1,1,1,1,0,1,1,0,1,0,0,0,0,1,1,1,1,1,1,1,0,1,1,1,1,1,1,1,0,0,1
1285:0,0,0,0,0,0,0,1,1,1,1,1,1,1,0,0,0,1,1,1,1,1,0,1,1,0,0,1,0,1,0,1,1,0,1,1,1,0,0,1,1,1,0,1,0,0,1,1,0,1,1,1,1,0,1,1,1,1,1,1,1,0,0,1
1286:1,0,1,0,0,1,1,1,1,0,0,1,0,0,1,1,1,1,0,1,0,1,1,1,0,0,0,0,0,0,0,1,1,1,1,1,0,1,1,1,1,0,1,1,1,1,1,1,1,1,1,0,1,1,1,1,1,1,1,0,0,0,1,1
1287:0,0,0,0,0,0,0,1,1,0,0,1,1,1,0,1,1,1,0,1,1,1,0,1,0,0,0,0,1,1,0,1,1,0,1,0,1,0,1,1,1,0,0,0,1,0,1,1,1,0,1,0,1,0,1,1,1,0,0,1,1,0,0,1
1288:0,0,0,0,0,0,0,1,1,1,1,1,1,1,0,1,1,1,1,1,1,1,0,1,1,0,0,0,1,1,0,1,1,1,1,1,1,1,1,1,1,1,1,1,1,0,1,1,1,0,0,0,0,0,1,1,1,1,1,1,1,0,0,1
1289:0,0,0,0,0,0,1,1,1,1,1,1,1,1,0,1,1,1,1,1,1,1,0,1,1,0,1,1,1,0,1,1,1,1,1,1,1,0,0,1,1,0,0,0,0,1,1,1,1,1,1,1,1,1,1,1,1,1,1,0,1,1,1,1
1290:0,0,0,0,0,0,0,1,1,1,0,1,1,1,0,1,1,1,0,1,1,1,0,1,1,0,0,0,1,1,0,1,1,0,1,0,1,1,1,1,1,1,0,1,1,0,1,1,1,1,0,1,1,0,1,1,1,1,0,1,1,0,0,1
1291:0,0,0,0,0,0,0,1,1,1,1,1,1,1,0,1,1,1,1,1,1,1,0,1,1,0,0,1,1,1,0,1,1,0,0,1,1,0,1,1,1,0,0,1,1,0,1,1,1,1,0,1,1,0,1,1,0,0,0,0,1,0,0,1
1292:0,0,0,0,0,0,0,1,1,1,1,1,1,1,0,1,1,1,0,1,1,1,0,1,1,1,0,1,1,1,0,1,1,1,0,1,1,1,1,1,1,1,0,1,1,0,1,1,0,1,1,0,1,0,1,1,1,0,0,1,1,0,0,1
1293:0,0,0,0,0,0,0,1,1,1,0,0,1,1,0,1,1,1,1,1,1,1,0,1,0,1,0,0,1,1,0,1,0,0,0,1,0,0,1,1,0,1,0,0,1,0,1,1,0,1,0,0,1,0,1,1,0,1,1,1,1,0,0,1
1294:1,0,0,0,0,0,1,1,1,0,1,1,1,1,0,1,0,1,1,1,1,1,0,1,0,1,0,0,0,0,1,1,0,1,1,0,1,0,1,1,0,1,1,1,1,0,1,1,0,0,0,1,0,0,1,1,1,1,1,1,1,0,0,1
1295:1,0,0,0,0,0,1,1,1,0,1,0,1,1,0,1,0,1,0,0,1,1,0,1,0,1,0,0,1,1,1,1,0,1,0,0,1,0,1,1,0,1,1,0,1,0,1,1,0,0,0,0,0,0,1,1,1,1,1,1,1,0,0,1
1296:1,1,1,1,1,1,1,1,1,0,0,0,0,1,1,1,1,0,0,0,1,0,1,1,1,1,1,1,1,0,1,1,1,1,1,1,1,1,1,1,0,0,0,0,0,0,1,1,1,0,1,0,1,1,0,1,1,1,1,1,1,1,1,1
1297:0,1,1,1,0,0,0,1,1,0,0,0,1,1,0,1,1,0,0,0,1,1,0,1,1,0,0,0,1,1,0,1,1,0,0,0,1,1,1,1,1,0,0,0,1,0,1,1,0,1,1,1,0,0,1,1,1,0,0,0,1,0,0,1
1298:1,1,1,1,1,1,1,1,1,1,0,0,1,1,1,1,0,1,0,0,1,1,0,1,1,1,0,0,1,1,1,1,0,0,0,0,0,0,0,1,1,1,0,1,1,1,1,1,1,1,0,1,1,0,1,1,1,1,0,1,1,1,0,1
1299:1,1,1,1,1,1,1,1,1,1,0,1,1,1,1,1,1,1,0,0,1,1,1,1,0,1,0,0,0,0,0,1,1,1,0,0,1,1,0,1,1,1,0,1,1,1,0,1,1,1,0,1,1,1,0,1,1,1,1,1,1,1,1,1
1300:1,1,1,1,1,1,1,1,1,1,0,1,1,1,1,1,1,0,0,1,1,1,0,1,1,1,0,1,1,1,0,1,1,0,1,0,1,0,0,1,0,1,1,1,1,1,1,1,1,0,1,1,1,1,1,1,1,0,1,1,1,1,0,1
1301:1,1,0,0,1,1,1,1,1,1,1,1,0,1,1,1,1,1,1,1,0,1,1,1,1,1,1,1,0,1,1,1,0,0,0,0,0,0,0,1,1,1,1,1,1,1,1,0,1,1,1,1,1,1,0,1,1,1,1,1,1,1,0,1
1302:0,0,0,1,1,1,1,1,1,1,1,0,0,0,1,1,1,1,1,0,1,1,0,1,1,1,1,1,1,1,1,0,1,1,1,0,0,0,0,1,1,1,1,0,1,1,1,1,1,1,0,1,1,1,1,1,1,1,1,1,1,1,1,1
1303:0,0,0,0,1,1,0,1,1,1,1,0,1,1,1,1,1,1,1,0,1,0,1,1,1,1,0,1,1,1,1,1,1,1,0,1,0,1,1,1,1,0,1,1,1,1,1,1,1,0,1,0,1,1,1,1,1,1,1,1,0,1,0,1
1304:0,0,0,1,1,1,1,1,1,1,0,1,1,1,1,1,1,1,1,1,1,1,1,1,1,1,1,1,1,0,0,1,1,1,1,1,1,1,1,1,1,1,1,1,1,1,1,1,1,1,0,1,1,1,1,1,1,1,1,1,1,1,1,1
1305:0,0,0,1,1,1,1,1,1,1,1,1,1,1,1,1,1,1,1,0,0,0,0,1,1,1,1,0,1,1,0,1,1,1,1,1,1,1,0,1,1,1,1,1,1,1,1,1,1,1,1,0,1,1,1,1,1,1,1,1,1,1,1,1
1306:0,0,1,1,1,1,1,1,1,1,0,1,1,1,1,1,1,1,0,0,0,0,1,1,1,1,0,1,0,0,0,1,1,1,0,1,0,1,0,0,1,1,0,0,1,1,1,0,1,1,0,1,0,1,0,1,1,1,0,1,1,0,1,1
1307:0,0,0,0,0,0,0,1,1,1,1,1,1,1,0,0,1,1,1,0,1,1,1,0,1,1,0,1,0,1,1,0,1,1,1,1,1,0,1,0,1,1,0,0,0,1,1,0,1,1,1,1,1,1,1,0,1,1,1,1,1,1,1,0
1308:1,0,0,0,0,0,1,1,1,1,1,1,1,1,0,1,1,1,1,1,1,1,1,1,1,1,1,1,1,1,0,1,1,0,1,1,1,1,1,1,1,0,1,1,1,1,1,1,0,1,1,1,1,1,1,1,0,0,0,0,0,0,0,1
1309:0,0,0,0,0,0,0,1,1,1,1,1,1,1,0,0,1,1,1,1,1,1,1,0,1,1,1,1,1,1,1,0,1,1,1,1,1,1,1,0,1,1,1,1,1,1,1,0,1,1,1,1,1,1,1,0,1,1,1,1,1,1,1,0
1310:0,0,1,1,1,1,1,1,1,1,1,1,1,1,1,1,1,1,1,1,1,1,1,1,1,1,1,0,0,0,0,1,1,1,1,1,1,1,1,1,1,1,1,1,1,1,1,1,1,1,1,1,1,1,1,1,1,1,1,1,1,1,1,1
1311:0,0,0,1,1,1,0,1,1,1,0,1,1,0,1,1,1,1,0,0,0,0,1,1,1,1,0,1,0,1,0,1,1,1,0,1,0,1,1,0,1,1,0,1,0,0,0,1,1,1,0,1,1,1,1,1,1,1,1,1,1,1,1,1
1312:1,1,0,0,1,1,1,1,1,1,1,0,0,1,1,1,1,1,0,0,1,0,0,1,1,1,1,1,1,0,1,1,1,1,0,1,1,1,0,1,1,1,0,1,1,1,0,1,1,1,1,1,1,0,0,1,1,1,1,1,1,1,1,1
1313:0,0,0,0,0,0,0,1,1,1,0,1,0,0,0,0,1,1,0,1,1,1,1,0,1,1,0,1,1,0,1,0,1,1,0,1,1,0,1,0,1,1,0,1,0,1,1,0,1,1,1,0,1,1,1,0,1,1,1,1,1,1,1,0
1314:1,1,0,0,1,1,1,1,1,1,1,0,1,1,1,1,1,1,1,0,0,1,1,1,1,1,0,0,1,0,1,1,1,1,1,1,1,0,1,1,1,1,0,1,1,0,1,1,1,1,0,1,1,0,1,1,1,1,1,1,1,0,0,1
1315:1,1,0,0,1,1,1,1,1,1,1,0,1,1,1,1,0,1,1,0,0,0,0,1,0,0,0,0,1,1,1,1,1,1,1,0,1,0,0,1,1,1,1,0,1,1,0,0,1,1,1,0,1,1,0,1,1,1,1,1,1,1,1,1
1316:0,0,0,0,0,0,0,1,1,1,1,1,1,1,0,0,1,1,1,1,1,1,1,0,1,1,1,1,0,1,1,0,1,1,1,1,0,1,1,0,1,1,1,1,0,1,1,0,1,1,1,1,0,1,1,0,1,1,1,1,1,1,1,0
1317:1,0,0,0,1,1,1,1,1,1,1,0,1,1,1,1,1,1,1,0,1,1,1,1,1,1,1,0,1,1,1,1,1,1,1,0,1,1,1,1,1,1,1,0,1,1,1,1,1,1,1,0,1,1,1,1,0,0,0,0,0,0,0,1
1318:1,1,0,0,1,1,1,1,1,1,1,0,1,1,1,1,1,1,1,0,1,1,0,1,1,1,1,0,1,1,0,1,1,1,1,0,1,1,0,1,1,1,1,0,1,1,1,0,1,1,1,0,1,1,0,1,1,1,1,1,1,1,1,1
1319:0,0,0,0,0,0,0,1,1,1,1,1,1,1,0,0,1,1,0,0,1,1,1,0,1,1,1,0,1,1,1,0,1,1,1,1,0,1,1,0,1,1,1,1,0,1,1,0,1,1,1,1,0,1,1,0,1,1,1,1,1,1,1,0
1320:1,0,0,1,0,1,1,1,1,1,0,1,1,1,1,1,1,1,0,1,0,1,1,1,1,0,0,0,0,0,1,1,0,1,0,1,1,1,0,1,0,1,0,1,1,1,1,0,1,0,0,1,0,0,0,1,1,1,1,1,1,1,1,1
1321:0,0,0,0,0,0,0,1,1,1,1,1,1,1,0,0,1,1,1,1,1,1,1,0,1,1,0,1,0,1,1,0,1,1,0,1,0,1,1,0,1,1,0,1,0,1,1,0,1,1,0,1,0,1,1,0,1,1,1,1,1,1,1,0
1322:0,0,1,1,1,1,0,1,1,1,0,1,0,0,1,1,1,1,1,1,1,0,1,1,1,1,0,0,0,0,0,1,1,1,0,1,1,1,0,0,1,1,1,1,1,1,1,0,1,1,1,1,1,1,1,0,1,1,1,1,1,1,1,1
1323:1,0,1,1,1,1,1,1,1,0,0,1,0,0,1,1,1,1,0,0,0,0,1,1,1,0,0,0,1,1,0,1,1,1,1,1,0,1,1,1,1,1,0,1,0,0,0,1,1,1,0,1,1,0,1,1,1,1,1,1,1,0,1,1
1324:1,0,0,1,1,0,1,1,1,1,1,0,0,1,0,1,1,1,1,0,0,1,0,1,1,1,0,1,1,0,1,1,0,0,0,0,0,0,0,0,1,1,1,1,1,1,1,0,1,1,0,1,1,1,1,0,1,1,1,1,1,1,1,1
1325:1,0,1,1,0,0,1,1,1,1,0,1,1,0,1,1,1,1,0,1,1,1,1,1,1,1,0,1,1,1,1,1,1,1,0,1,1,0,0,1,1,1,1,1,1,1,0,1,1,1,1,1,1,1,0,1,1,1,1,1,1,1,0,1
1326:1,0,0,1,1,1,1,1,1,1,1,1,1,0,1,1,1,1,0,0,0,0,0,1,1,0,0,0,1,0,0,1,1,1,1,1,1,1,1,0,1,1,0,1,0,1,0,1,1,1,0,1,1,1,1,1,1,1,1,1,1,1,1,1
1327:1,0,0,0,0,0,0,1,1,1,1,1,1,1,0,1,1,1,1,1,1,1,0,1,1,1,0,0,1,1,1,1,0,0,0,0,0,1,1,1,1,1,1,1,1,1,1,1,1,1,1,1,1,1,1,1,1,1,1,0,0,1,1,1
1328:1,0,0,0,0,0,0,1,1,1,1,1,1,1,0,1,1,1,1,1,1,1,0,1,1,1,1,1,1,1,1,1,1,1,0,1,1,1,1,1,1,0,1,1,1,0,1,1,1,0,1,1,1,0,1,1,0,1,1,1,1,1,0,1
1329:1,0,0,0,0,0,0,1,1,1,0,1,1,1,0,1,1,1,0,1,1,1,1,1,1,1,0,1,1,1,1,1,1,1,0,1,0,1,1,1,1,1,1,1,1,1,1,1,1,0,1,1,1,1,1,1,0,1,1,1,1,1,1,1
1330:0,0,1,1,1,1,1,1,1,1,0,1,0,1,1,1,1,1,0,1,0,1,1,1,1,1,0,0,0,0,0,0,1,1,0,1,0,1,0,1,1,1,0,1,0,1,1,1,1,1,0,1,0,1,1,1,1,1,0,1,1,1,1,1
1331:1,0,1,1,0,1,1,1,1,1,0,1,1,0,1,1,1,1,0,1,1,0,1,1,1,1,0,1,1,0,1,1,1,0,0,0,0,0,1,1,0,1,1,1,1,1,0,1,0,1,1,1,1,1,0,1,1,0,0,0,0,0,1,1
1332:1,1,0,0,1,1,1,1,1,1,1,0,1,1,1,1,1,1,1,0,0,1,1,1,1,1,1,0,1,1,1,1,1,1,1,0,0,1,1,1,1,1,1,1,1,1,0,1,1,1,1,1,1,1,0,1,1,1,1,1,1,1,0,1
1333:0,0,0,0,0,0,0,1,1,1,1,1,1,1,0,1,1,1,0,0,0,1,1,1,1,1,1,1,1,0,1,1,0,1,0,1,0,1,1,1,0,1,1,1,1,1,1,1,0,1,1,1,1,1,1,1,1,0,0,0,0,0,0,1
1334:1,1,0,0,1,1,1,1,1,1,1,1,0,1,1,1,1,1,1,1,0,1,1,1,0,0,0,0,0,0,0,1,1,1,1,0,1,1,1,1,1,1,0,1,0,1,1,1,1,1,0,1,1,0,1,1,1,1,1,0,0,1,1,1
1335:1,0,1,1,1,1,1,1,1,1,0,1,1,0,1,1,1,1,0,1,1,0,1,1,0,0,0,0,0,0,1,1,1,1,0,1,0,0,1,1,1,1,0,1,1,0,0,1,1,1,0,1,1,1,1,1,1,1,0,1,1,0,1,1
1336:0,0,1,1,1,1,1,1,1,0,0,1,1,1,0,1,1,0,0,0,1,0,1,1,1,1,1,0,1,0,1,0,1,1,1,0,0,0,1,0,1,1,1,1,1,0,1,1,1,1,1,1,1,1,0,1,1,1,1,1,1,1,1,1
1337:1,1,0,0,1,1,1,1,1,1,1,0,1,1,1,1,0,0,1,0,0,1,0,1,1,1,1,0,0,1,1,1,1,1,0,0,0,0,1,1,1,0,1,0,1,1,0,1,0,1,1,0,1,1,0,1,0,1,1,1,1,1,0,1
1338:1,1,0,0,1,1,1,1,1,1,1,0,0,1,1,1,1,1,0,0,0,0,1,1,1,1,1,1,1,1,1,1,1,0,0,1,1,0,1,1,0,1,1,0,0,1,0,1,0,1,1,1,1,1,0,1,1,1,1,1,1,1,1,1
1339:0,0,0,0,0,0,0,0,1,1,1,1,1,0,1,0,1,1,1,1,1,0,1,0,1,1,0,1,1,0,1,1,1,1,1,0,0,1,1,1,1,1,1,0,0,1,1,1,1,1,0,1,0,0,1,1,1,0,1,1,1,0,1,1
1340:0,0,0,0,1,0,0,1,1,1,1,0,1,1,0,0,1,0,1,0,1,1,0,1,1,1,1,0,1,1,0,1,1,1,1,0,1,1,0,1,1,1,1,0,1,1,0,1,1,1,1,0,1,0,0,1,1,1,1,1,1,1,1,1
1341:1,0,1,1,1,1,1,1,1,0,1,1,1,1,0,1,1,1,1,0,1,0,1,1,1,1,1,0,1,0,1,1,1,1,1,0,1,1,0,1,1,1,1,0,1,1,0,1,1,1,1,1,1,1,0,1,1,1,1,1,1,1,1,1
1342:0,0,1,1,1,1,1,1,1,1,1,1,0,0,0,1,0,0,0,0,0,0,0,1,1,0,1,1,0,1,0,1,1,1,1,1,1,1,0,1,1,1,1,0,1,1,0,1,1,1,1,1,0,0,0,1,1,1,1,1,1,1,1,1
1343:0,0,1,1,1,1,1,1,1,0,1,1,1,0,1,1,1,0,0,0,1,0,1,1,0,0,0,0,0,0,0,1,1,0,1,0,0,1,1,0,1,0,1,1,1,0,0,1,1,0,1,1,1,1,1,1,1,1,1,1,1,1,1,1
1344:1,0,1,1,1,1,1,1,1,1,0,1,1,1,1,1,1,1,0,1,1,1,1,1,1,1,0,1,0,0,1,1,1,1,0,1,0,1,1,1,1,1,0,1,0,1,1,1,1,1,0,1,1,1,1,1,1,1,0,1,1,1,1,1
1345:1,1,0,0,1,1,1,1,1,1,1,1,0,1,1,1,1,1,1,1,0,1,1,1,1,0,1,1,1,0,0,1,1,1,0,0,0,1,1,1,1,1,1,0,0,1,1,1,1,1,1,0,1,1,1,1,1,1,0,0,0,0,1,1
1346:1,0,0,0,0,0,0,1,1,1,1,1,1,1,0,1,1,1,1,1,1,1,1,1,1,0,0,0,0,1,1,1,1,1,1,1,1,1,1,1,1,1,0,0,1,1,1,1,1,1,1,1,1,1,1,1,1,1,1,1,1,1,1,1
1347:1,1,0,0,0,1,1,1,1,1,1,1,0,1,1,1,1,1,1,1,0,1,1,1,1,1,1,1,0,1,1,1,0,0,0,0,0,0,0,1,1,1,1,1,0,1,1,1,1,1,1,1,0,1,1,1,1,1,1,1,0,1,1,1
1348:1,0,1,1,1,1,1,1,1,0,0,1,1,1,1,1,1,1,1,1,1,1,1,1,1,0,0,1,1,1,1,1,1,0,0,1,1,1,1,1,1,1,1,1,1,1,1,1,1,1,0,1,1,1,1,1,1,1,1,1,1,0,0,1
1349:1,1,0,0,1,1,1,1,1,1,1,0,1,1,1,1,1,1,1,0,0,1,1,1,1,0,1,1,1,0,0,1,0,1,1,0,0,1,0,1,0,1,0,1,1,0,1,1,1,1,0,1,0,1,1,1,1,1,1,1,1,1,1,1
1350:1,0,1,1,1,1,1,1,1,1,0,1,1,1,1,1,1,0,0,0,0,1,1,1,1,1,0,1,0,1,1,1,1,1,0,1,0,0,0,1,1,1,0,1,0,1,1,1,1,1,0,1,0,1,1,1,1,1,0,1,1,0,0,1
1351:1,1,0,0,1,1,1,1,1,1,1,0,1,1,1,1,1,1,1,0,0,1,1,1,1,1,1,0,0,1,1,1,1,1,1,0,0,1,1,1,1,1,1,0,0,1,1,1,1,1,1,1,1,1,1,1,1,1,1,1,1,1,1,1
1352:1,1,0,0,1,1,1,1,1,1,1,1,0,1,1,1,0,0,0,0,0,0,0,1,1,1,0,0,1,1,0,1,1,1,1,0,1,0,1,1,1,1,1,0,1,1,0,1,1,1,1,0,0,1,0,1,1,1,0,0,1,1,0,1
1353:1,1,1,1,1,1,1,1,1,1,0,1,0,1,1,1,1,1,0,1,0,1,1,1,0,0,0,0,0,0,0,1,1,1,0,1,0,1,1,1,1,1,0,1,0,1,1,1,1,1,0,1,0,1,1,1,1,1,0,1,0,1,1,1
1354:0,0,0,0,0,0,0,1,1,1,1,1,1,1,0,0,1,1,1,1,1,1,1,0,1,0,0,1,1,0,1,0,1,0,1,1,1,0,1,0,1,0,1,1,0,1,1,0,0,0,1,1,0,0,1,0,1,1,1,1,1,1,1,0
1355:1,0,1,1,1,1,1,1,1,0,0,1,1,1,1,1,1,1,0,1,1,1,1,1,1,1,1,1,0,0,1,1,1,1,0,1,1,1,1,1,1,1,0,1,1,1,1,1,1,1,0,1,1,1,1,1,1,1,1,1,1,0,0,1
1356:1,1,1,1,1,1,1,1,1,0,0,1,1,0,1,1,1,1,0,0,0,0,0,1,1,1,0,1,0,1,0,1,1,1,1,1,1,0,1,1,1,0,0,0,0,0,1,1,1,0,1,1,1,1,0,1,1,1,0,0,0,0,1,1
1357:1,1,0,0,0,1,1,1,1,1,1,1,0,1,1,1,1,1,1,0,0,1,1,1,1,1,1,1,1,0,0,1,1,1,0,0,1,1,1,1,1,1,1,1,1,0,1,1,1,1,1,1,1,0,1,1,1,1,1,1,1,0,0,1
1358:0,0,0,0,0,0,0,1,1,1,1,1,1,1,0,0,1,1,1,1,1,1,1,1,1,1,1,1,0,1,0,1,1,1,1,1,0,1,1,1,1,1,1,1,0,1,1,1,1,1,1,1,0,1,1,1,1,1,1,1,0,0,1,1
1359:1,0,0,1,1,1,1,1,1,1,0,0,1,0,1,1,1,1,0,1,1,1,1,1,1,1,1,1,0,0,0,1,1,1,1,1,1,1,1,1,1,1,1,1,1,1,0,1,1,1,1,1,1,1,0,1,1,1,1,1,1,1,0,1
1360:1,0,0,1,0,1,1,1,1,1,0,1,0,0,1,1,1,1,1,1,1,1,1,1,1,1,1,1,0,0,1,1,1,1,1,1,1,0,0,1,1,1,1,1,1,0,0,1,1,1,1,1,1,1,0,1,1,1,1,1,1,1,0,1
1361:1,1,0,0,1,1,1,1,1,1,1,0,0,1,1,1,1,1,0,0,0,1,1,1,1,1,1,0,0,1,1,1,1,1,1,0,0,1,0,1,1,1,1,1,0,1,0,1,1,1,1,1,0,1,1,1,1,1,1,1,0,1,1,1
1362:1,0,0,0,0,0,0,1,1,0,0,0,0,0,0,1,1,1,1,1,0,1,1,1,1,1,1,0,0,1,1,1,1,1,1,1,0,1,1,1,1,1,0,0,0,1,1,1,1,1,0,0,1,1,1,1,1,1,1,1,1,1,1,1
1363:1,0,1,1,0,1,1,1,1,1,0,1,1,0,1,1,1,1,0,1,1,0,1,1,0,0,0,0,0,0,0,1,1,1,0,1,1,0,1,1,1,1,0,1,1,0,1,1,1,1,0,1,1,0,1,1,1,1,0,1,1,0,1,1
1364:1,0,0,0,0,0,0,1,1,1,1,1,1,1,0,1,1,1,1,1,1,1,0,1,1,1,1,1,1,1,1,1,1,1,0,0,0,1,1,1,1,1,1,1,0,1,1,1,1,1,1,0,1,1,1,1,1,1,0,0,0,0,1,1
1365:1,1,1,0,1,1,1,1,1,1,1,0,1,1,1,1,0,0,1,0,0,1,1,1,1,1,1,0,0,1,0,1,1,1,1,1,1,1,1,1,1,1,1,1,1,1,0,1,1,0,1,1,1,0,0,1,1,1,0,0,0,0,1,1
1366:0,0,0,1,1,1,1,1,1,1,0,1,0,0,1,1,1,1,0,1,1,1,1,1,1,1,0,0,0,1,0,1,1,1,0,1,1,1,0,1,1,1,0,1,1,1,0,1,1,1,0,1,1,1,1,1,1,1,1,1,1,1,1,1
1367:1,0,0,1,1,1,1,1,1,1,0,1,1,1,1,1,1,0,0,0,0,0,0,1,1,1,0,1,1,1,1,1,1,1,0,1,0,0,1,1,1,1,0,1,1,0,1,1,1,1,0,1,0,1,1,1,1,1,1,1,1,1,1,1
1368:1,1,1,0,1,1,1,1,1,1,1,0,1,1,1,1,1,0,0,0,0,0,0,1,1,1,1,0,1,1,0,1,1,1,1,0,1,1,1,1,0,0,1,1,1,1,0,1,1,0,0,1,1,0,1,1,1,1,1,0,1,1,1,1
1369:1,0,0,1,1,1,1,1,1,1,0,1,1,1,1,1,1,1,0,1,1,1,1,1,1,0,0,1,1,1,1,1,1,1,0,1,1,1,1,1,1,1,0,1,1,1,1,1,1,1,0,1,1,1,1,1,1,1,0,1,1,0,0,1
1370:1,0,0,1,1,1,1,1,1,1,0,1,1,1,1,1,0,0,0,0,1,0,0,1,1,0,1,1,0,1,0,1,1,0,1,0,1,1,1,1,1,1,1,0,1,0,0,1,0,1,0,1,1,1,1,1,0,1,1,0,0,0,0,1
1371:0,0,1,1,1,1,1,1,1,0,0,1,0,1,1,1,1,0,0,0,0,0,0,1,1,0,0,1,0,1,0,1,1,0,0,1,1,0,1,1,1,0,1,0,0,0,1,1,1,0,1,1,1,0,0,1,1,1,1,1,1,1,1,1
1372:1,1,1,1,1,1,1,1,1,1,1,1,1,1,1,1,0,0,0,1,1,1,1,1,1,0,1,0,1,1,1,1,1,0,1,0,1,1,1,1,1,0,1,0,1,1,1,1,1,0,1,0,1,1,1,1,1,0,1,0,1,0,0,1
1373:1,0,0,1,1,1,1,1,1,1,0,1,1,1,1,1,0,0,0,0,0,0,1,1,1,0,0,1,1,0,1,1,1,0,1,1,1,0,1,1,1,0,1,0,1,1,0,1,0,1,1,0,1,1,0,1,0,1,1,1,1,1,1,1
1374:1,0,0,0,0,0,1,1,1,0,1,1,1,0,1,1,1,0,1,1,1,1,1,1,1,0,0,0,1,1,0,1,1,0,1,1,1,0,1,1,1,1,1,0,1,1,1,1,1,1,1,0,1,1,1,1,1,1,1,0,1,1,1,1
1375:1,0,0,1,0,1,1,1,1,1,0,1,0,1,1,1,1,1,0,1,0,1,1,1,0,0,0,0,0,0,0,1,1,1,0,1,0,1,1,1,1,1,0,1,0,1,1,1,1,1,0,1,0,0,1,1,1,1,1,1,1,0,1,1
1376:1,0,0,1,1,1,1,1,1,1,0,0,1,0,1,1,1,0,0,1,1,0,0,1,1,0,1,1,1,1,0,1,1,1,1,0,1,1,1,1,1,1,1,0,0,0,1,1,1,1,1,1,1,0,1,1,1,1,1,1,1,1,1,1
1377:1,1,0,0,1,1,1,1,1,1,1,1,0,1,1,1,1,1,1,1,0,1,1,1,1,1,0,0,1,1,0,1,1,1,0,0,0,1,1,1,1,1,1,1,0,1,1,1,1,1,1,1,0,1,1,1,1,1,1,1,1,1,1,1
1378:0,0,1,1,1,1,1,1,1,1,0,1,0,1,1,1,1,1,0,1,0,1,1,1,1,1,0,1,0,0,1,1,1,1,0,1,0,1,1,1,1,1,0,1,0,1,1,1,1,1,0,1,0,1,1,1,1,1,0,1,0,0,0,1
1379:1,0,0,1,1,1,1,1,1,1,1,0,1,1,0,1,1,0,1,0,1,0,1,1,1,1,0,0,1,0,1,1,1,1,1,0,1,1,0,1,1,1,1,0,1,1,0,1,1,1,1,0,1,1,0,1,1,1,1,0,1,1,1,1
1380:1,0,0,0,0,0,0,1,1,1,1,1,1,1,0,1,1,1,0,0,1,1,1,1,1,0,1,1,0,1,1,1,1,0,1,1,0,1,1,1,0,1,0,0,1,0,0,1,1,0,0,0,0,1,1,1,1,1,1,1,1,1,1,1
1381:1,0,1,1,0,0,1,1,1,1,0,1,1,0,1,1,1,1,0,1,1,0,1,1,1,0,0,0,0,0,0,1,1,1,0,1,0,0,1,1,1,1,0,1,1,1,1,1,1,1,0,1,0,1,1,1,1,1,0,1,0,0,1,1
1382:1,0,0,0,0,0,0,1,1,1,1,0,1,1,0,1,1,1,1,0,1,1,1,1,1,1,0,0,0,1,1,1,1,1,1,0,1,1,1,1,1,1,1,0,1,1,1,1,1,1,1,0,1,1,1,1,1,1,1,1,1,1,1,1
1383:1,0,0,0,0,0,0,1,1,1,1,0,1,1,0,1,1,1,1,0,1,1,1,1,1,0,1,0,1,1,1,1,1,0,0,0,0,0,1,1,1,1,1,0,1,0,1,1,1,1,1,0,1,1,1,1,1,1,1,1,1,1,1,1
1384:1,0,0,1,1,1,1,1,1,1,0,1,1,0,0,1,1,1,1,1,1,0,1,1,1,0,0,1,0,1,1,1,1,1,0,1,0,1,1,1,1,1,0,1,1,1,1,1,1,1,0,1,1,0,1,1,1,1,1,1,1,1,0,1
1385:0,0,0,0,0,0,0,1,1,1,1,1,1,1,0,0,1,1,1,1,1,1,0,1,1,1,1,0,1,1,1,1,1,1,1,0,1,1,1,1,0,1,1,1,1,1,0,1,1,0,1,1,1,0,0,1,1,1,0,0,0,0,1,1
1386:1,1,1,1,1,1,1,1,1,1,1,0,1,1,1,1,1,0,0,0,0,0,0,1,1,1,1,0,1,1,0,1,1,1,1,0,1,1,1,1,0,0,0,0,0,0,0,1,1,1,1,1,1,1,0,1,1,1,1,1,1,1,0,1
1387:1,0,1,1,1,1,1,1,1,0,0,1,0,1,1,1,1,1,0,1,0,0,1,1,1,1,0,1,0,0,0,1,1,1,0,1,1,1,0,1,1,1,0,1,0,1,1,1,1,1,0,1,0,1,1,1,1,1,1,1,1,0,0,1
1388:1,1,0,0,1,1,1,1,1,1,1,0,1,1,1,1,1,1,1,0,1,0,1,1,1,1,1,0,1,0,1,1,0,0,0,0,0,0,0,1,1,1,1,1,1,1,0,1,1,1,1,1,1,1,0,1,1,1,1,1,1,1,1,1
1389:1,1,0,1,1,1,1,1,1,1,0,0,1,1,1,1,0,0,0,0,0,0,0,1,1,0,1,1,1,1,0,1,1,0,1,0,0,1,0,1,1,1,0,1,0,1,1,1,1,1,0,1,1,0,1,1,1,1,0,0,0,1,1,1
1390:0,0,1,1,1,1,1,1,1,0,1,1,1,1,1,1,1,1,0,0,0,0,0,1,1,0,1,0,0,1,0,1,1,1,0,1,0,1,0,1,1,1,0,1,1,0,1,1,1,1,1,0,0,0,1,1,1,1,1,1,1,1,0,1
1391:0,0,0,0,0,0,0,0,1,1,1,1,1,1,1,0,1,0,1,1,1,0,1,0,1,1,0,1,0,1,1,1,1,1,1,0,1,1,1,1,1,1,0,0,0,1,1,1,1,1,0,1,1,0,1,1,1,1,1,1,1,1,1,1
1392:0,0,0,0,0,0,0,1,1,1,1,0,1,1,0,1,1,1,1,0,1,1,0,1,1,1,1,0,1,1,1,1,1,1,0,0,0,0,1,1,1,1,1,0,1,1,1,1,1,1,1,0,0,1,1,1,1,0,0,1,0,0,1,1
1393:0,0,1,0,1,0,1,1,1,0,1,0,1,1,0,1,1,0,1,0,1,1,1,1,0,0,0,0,0,0,0,1,1,1,1,1,1,1,0,1,1,1,1,1,1,1,0,1,1,1,1,1,1,0,0,1,1,1,1,1,1,1,0,1
1394:0,0,1,0,1,0,0,1,1,0,1,1,1,1,0,1,1,0,1,1,1,1,0,1,1,0,1,1,1,1,1,1,0,0,0,0,0,0,0,1,1,1,1,1,1,1,0,1,1,1,1,1,1,1,0,1,1,1,1,1,1,1,1,1
1395:1,0,0,0,0,0,0,1,1,1,1,1,1,1,0,1,1,1,1,1,1,1,1,1,1,1,1,0,1,1,1,1,1,1,1,1,1,1,1,1,1,0,1,1,1,1,1,1,1,0,1,1,1,0,1,1,1,1,1,1,1,1,1,1
1396:1,1,1,0,1,1,1,1,0,1,1,0,1,1,1,1,0,0,0,0,0,0,0,1,1,1,1,0,0,1,0,1,1,1,1,0,0,1,1,1,1,1,1,1,1,0,1,1,1,1,0,1,1,0,1,1,1,1,1,0,0,0,1,1
1397:1,0,0,1,0,0,1,1,1,1,0,1,1,0,1,1,1,0,0,0,1,0,0,1,1,0,0,1,1,0,0,1,1,1,0,0,0,1,1,1,1,1,1,0,0,1,1,1,1,0,0,1,1,0,0,1,1,0,1,0,1,1,1,1
1398:1,0,0,0,0,0,0,1,1,0,1,0,1,0,0,1,1,0,1,0,1,1,1,1,1,0,0,0,0,0,1,1,1,0,1,0,1,0,1,1,1,0,1,0,0,1,1,1,1,1,0,0,0,1,1,1,1,1,1,1,1,1,1,1
1399:0,0,1,0,0,1,1,1,1,1,0,1,1,1,1,1,1,1,0,0,0,1,1,1,1,1,0,1,1,0,0,1,0,0,0,0,0,0,0,1,1,1,1,1,1,1,0,1,1,1,1,1,1,1,0,1,1,1,1,1,1,1,1,1
1400:0,0,0,0,0,0,0,1,1,1,1,1,1,1,0,0,1,1,1,1,1,1,1,0,1,0,0,1,0,0,1,0,1,1,0,1,0,0,1,0,1,0,1,1,0,0,1,0,1,0,1,1,0,0,1,0,1,1,1,1,1,1,1,0
1401:1,1,0,0,1,1,1,1,1,1,1,0,1,1,1,1,1,1,1,0,0,1,1,1,1,0,1,0,1,0,1,1,1,0,1,0,1,0,1,1,1,1,1,0,0,1,1,1,1,1,1,0,0,1,1,1,0,0,0,1,1,0,0,1
1402:1,0,0,0,0,0,0,1,1,1,1,1,1,1,0,1,1,1,1,1,1,1,1,1,1,0,1,0,1,0,1,1,1,0,1,0,1,1,1,1,1,0,1,0,1,0,1,1,1,0,1,1,1,1,1,1,1,1,1,1,1,1,1,1
1403:0,0,1,1,1,1,1,1,1,0,1,1,1,0,1,1,1,1,1,1,1,0,1,1,1,0,0,0,0,0,0,1,1,0,0,0,0,0,1,1,1,1,1,1,1,0,1,1,1,1,1,1,1,0,1,1,1,1,1,1,1,0,0,1
1404:1,0,0,0,0,1,1,1,1,1,0,0,1,0,1,1,1,1,1,1,1,0,1,1,1,1,0,0,1,0,1,1,1,1,0,0,1,0,1,1,1,1,1,1,1,0,1,1,1,1,0,1,1,0,1,1,0,0,0,0,0,0,0,1
1405:1,0,1,1,0,0,1,1,1,1,0,1,1,0,1,1,1,1,0,1,1,1,1,1,0,0,0,0,0,0,0,1,1,1,1,1,1,1,0,1,1,1,0,1,1,1,0,1,1,1,0,1,1,1,1,1,1,1,0,0,0,1,1,1
1406:0,1,1,1,1,1,0,1,1,0,1,1,1,1,0,0,1,0,0,0,1,1,1,0,1,0,1,0,0,1,0,1,1,0,1,0,0,1,0,1,1,0,1,0,1,1,0,1,1,0,1,1,1,1,0,0,1,1,1,1,1,0,0,1
1407:0,0,0,1,1,1,1,1,1,1,0,1,1,0,1,1,1,1,1,1,0,0,0,1,1,0,1,0,0,1,1,1,1,0,1,0,1,0,1,1,1,0,1,1,0,0,0,1,1,1,0,1,1,0,0,1,1,1,1,1,1,1,1,1
1408:1,1,0,0,0,1,1,1,1,1,1,1,0,0,1,1,1,1,1,1,1,0,1,1,1,1,1,0,1,0,1,1,1,1,1,1,1,1,1,1,1,0,0,1,1,0,0,1,0,0,1,0,0,1,1,0,0,1,1,1,1,1,1,1
1409:0,1,1,1,1,1,1,1,1,0,1,1,1,0,1,1,1,0,1,1,1,0,1,1,1,0,1,0,1,1,1,1,1,0,1,0,1,1,1,1,1,0,1,1,1,0,1,1,1,0,1,1,1,0,1,1,1,0,1,1,1,1,0,1
1410:1,0,1,1,1,1,1,1,1,0,1,0,0,1,0,1,1,1,1,1,0,1,1,1,1,0,0,1,0,0,0,1,1,0,0,1,0,0,1,1,1,1,1,1,0,0,1,1,1,1,1,0,1,1,0,1,1,1,1,1,0,0,0,1
1411:1,0,1,1,1,1,1,1,1,0,1,1,1,1,1,1,1,1,1,1,1,0,1,1,1,0,0,0,0,0,0,1,1,0,0,0,0,0,0,1,1,1,1,1,1,1,0,1,1,1,1,1,1,1,1,1,1,1,1,1,1,1,1,1
1412:0,1,1,0,1,0,1,1,1,0,1,0,1,1,0,1,1,0,1,1,1,1,0,1,1,0,1,0,1,1,0,1,1,0,0,0,0,0,0,1,0,1,1,1,1,1,0,1,0,0,1,1,1,1,0,1,1,0,0,0,0,0,1,1
1413:1,0,0,1,0,1,1,1,1,1,0,1,1,1,1,1,0,0,0,0,0,0,0,1,1,0,0,1,1,0,0,1,1,1,0,0,0,1,1,1,1,1,0,0,0,1,1,1,1,0,1,1,1,0,0,1,1,1,1,1,1,1,1,1
1414:1,1,0,0,0,1,1,1,1,1,1,0,0,1,1,1,1,1,1,0,0,1,1,1,0,0,0,1,1,0,0,1,1,1,0,1,0,1,1,1,1,1,0,0,0,1,1,1,1,0,1,1,1,0,0,1,1,1,1,1,1,1,1,1
1415:0,0,0,1,1,1,1,1,1,1,0,1,0,1,1,1,1,1,1,1,0,1,1,1,0,1,0,1,0,0,1,1,0,0,0,1,0,0,1,1,0,1,1,1,0,1,1,1,1,1,0,1,0,1,1,1,1,1,1,1,1,0,0,1
1416:1,1,0,0,1,1,1,1,1,1,1,0,0,1,1,1,1,1,1,1,0,1,1,1,0,0,0,0,0,0,0,1,0,1,1,1,1,1,0,0,0,1,1,0,0,1,1,1,0,1,1,1,1,1,1,1,0,0,0,0,0,0,0,1
1417:0,1,1,1,1,1,1,1,1,0,1,1,1,1,1,1,1,0,1,0,1,1,1,1,1,0,1,0,1,1,1,1,1,0,1,0,1,1,1,1,1,0,1,0,1,1,1,1,1,0,1,1,1,1,0,1,1,0,1,1,1,1,0,1
1418:1,0,1,1,1,1,1,1,1,0,1,1,1,1,0,1,1,1,1,1,0,1,1,1,1,1,0,1,0,0,1,1,0,0,0,0,0,0,0,1,1,1,1,1,0,0,1,1,1,1,1,1,1,1,0,1,1,1,1,1,1,1,0,1
1419:0,0,1,1,1,1,1,1,1,0,1,1,1,1,1,1,1,1,1,1,0,1,1,1,1,0,1,1,1,1,1,1,1,0,1,1,1,1,0,1,1,0,1,1,0,1,1,1,1,0,1,1,1,1,1,1,1,1,1,1,1,1,1,1
1420:1,0,1,1,1,1,1,1,1,1,0,1,0,1,1,1,1,1,0,1,0,1,1,1,1,0,0,0,0,0,0,1,1,1,0,1,0,0,1,1,1,1,0,1,0,1,1,1,1,1,0,1,0,1,1,1,1,1,0,1,1,0,0,1
1421:1,0,1,1,1,1,1,1,1,1,0,1,1,0,1,1,0,1,0,0,0,0,0,1,0,0,0,1,0,1,1,1,1,1,0,1,1,0,0,1,1,1,0,0,1,1,1,1,1,1,0,1,1,1,1,1,1,1,0,1,1,1,1,1
1422:1,1,0,1,1,1,1,1,1,1,1,0,1,1,1,1,0,0,0,0,0,0,1,1,1,1,1,0,0,0,1,1,1,1,1,1,1,0,1,1,0,0,0,0,0,0,0,1,1,1,1,1,1,1,0,1,1,1,1,1,1,1,0,1
1423:1,1,0,1,0,1,1,1,1,1,0,0,0,1,1,1,1,1,0,1,0,1,1,1,0,0,0,1,0,0,0,1,1,1,1,0,1,1,0,0,1,1,0,1,0,1,1,0,1,0,1,1,1,0,1,1,1,0,1,1,1,0,1,1
1424:0,0,1,1,0,0,1,1,1,0,1,1,1,0,1,1,1,0,1,1,1,0,1,1,1,0,0,1,0,0,0,1,1,1,0,1,1,1,0,1,1,0,1,1,1,0,1,1,1,0,1,1,1,0,1,1,1,0,0,1,1,0,0,1
1425:0,0,0,0,0,0,0,1,1,1,1,0,0,0,1,1,1,1,1,0,0,1,1,1,1,0,0,0,0,0,0,1,1,1,0,1,0,0,1,1,1,1,1,0,0,1,1,1,1,0,0,1,1,0,1,1,1,1,1,1,1,1,1,1
1426:0,0,1,1,1,1,1,1,1,0,0,1,1,0,1,1,1,0,0,0,1,0,1,1,0,0,0,0,1,0,1,1,0,0,0,0,1,0,1,1,1,0,0,1,1,0,1,1,1,1,0,1,1,0,1,1,1,1,0,1,1,0,0,1
1427:0,0,0,0,0,0,0,1,1,1,0,1,0,1,0,1,1,1,0,1,0,1,1,1,1,1,0,1,0,1,1,1,1,1,0,1,0,1,1,1,1,1,0,1,1,1,1,1,1,1,0,0,0,0,1,1,1,0,1,0,1,1,0,1
1428:1,1,0,0,1,1,1,1,1,1,1,0,1,1,1,1,1,1,1,0,1,1,1,1,0,0,0,0,0,0,0,1,1,0,0,0,1,1,0,1,1,1,1,0,1,1,0,1,1,1,1,0,1,1,0,1,1,1,1,1,1,1,1,1
1429:1,1,0,0,1,1,1,1,1,1,1,0,0,1,1,1,1,1,1,1,0,1,1,1,0,0,0,0,0,0,0,1,1,1,1,1,1,1,1,1,1,1,1,1,1,1,1,1,1,1,1,1,1,1,1,1,1,1,0,0,0,0,1,1
1430:0,0,1,1,1,1,1,1,1,1,0,1,1,1,1,1,1,1,0,0,0,0,0,0,1,1,0,1,1,1,1,0,1,1,0,1,1,1,1,0,1,1,0,0,0,0,0,0,1,1,0,1,1,1,1,1,1,1,0,1,1,1,1,1
1431:1,0,1,1,1,1,1,1,1,0,1,0,0,1,0,1,1,1,1,1,0,1,1,1,1,0,0,1,0,0,0,1,1,0,0,1,0,0,1,1,1,1,1,1,0,1,1,1,1,1,1,0,1,1,0,1,1,1,0,1,1,1,1,1
1432:1,0,0,0,1,1,1,1,1,1,1,0,1,0,1,1,1,0,1,0,1,1,1,1,0,0,0,0,0,0,0,1,1,1,1,0,1,1,0,1,1,1,1,0,1,1,1,1,1,1,1,0,1,1,1,1,1,1,1,1,1,1,1,1
1433:0,1,1,1,1,1,1,1,1,0,1,0,1,1,1,1,1,0,1,0,0,1,1,1,1,0,1,0,0,0,0,1,1,0,1,0,0,0,0,1,1,0,1,1,1,0,1,1,1,0,1,0,0,1,1,1,1,0,1,1,1,1,0,1
1434:1,1,0,0,1,1,1,1,1,1,0,0,0,1,1,1,1,0,1,0,1,0,1,1,1,0,1,0,1,1,1,1,0,0,0,0,0,0,0,1,1,1,1,1,1,1,0,1,1,1,1,1,1,1,0,1,1,1,1,1,1,1,1,1
1435:1,0,0,0,0,0,0,1,1,1,1,1,1,1,0,1,1,1,1,0,0,1,1,1,1,1,1,1,1,1,1,1,1,0,0,1,1,1,1,1,1,1,1,1,1,1,1,1,1,1,1,1,1,1,1,1,1,1,1,1,1,1,1,1
1436:0,0,0,0,0,0,0,1,1,1,1,1,1,1,0,1,1,1,1,1,1,1,0,1,1,0,1,1,1,0,1,1,1,1,1,0,1,1,1,1,1,1,1,0,1,1,1,1,1,1,1,0,1,1,1,1,1,1,1,0,1,1,1,1
1437:0,0,1,1,1,1,1,1,1,0,1,1,0,0,1,1,1,1,1,1,1,1,0,1,1,0,0,0,0,0,0,1,1,0,0,0,1,0,0,1,1,1,1,1,1,1,0,1,1,1,1,1,0,0,0,1,1,1,1,1,1,1,1,1
1438:1,0,1,1,1,1,1,1,1,0,0,1,0,0,1,1,1,1,1,1,0,0,1,1,1,0,0,1,0,1,0,1,1,0,0,1,0,1,0,1,1,1,1,1,0,0,1,1,1,1,0,1,0,0,1,1,1,1,1,1,1,1,1,1
1439:0,0,0,0,0,0,0,1,1,1,1,1,1,1,0,0,1,1,1,0,1,1,1,1,1,0,0,1,1,0,1,1,1,1,0,1,1,0,1,1,1,1,0,1,1,0,1,1,1,0,0,1,1,0,1,1,1,1,1,0,1,1,1,1
1440:1,1,0,0,1,1,1,1,1,1,1,0,1,1,1,1,1,1,0,0,0,0,1,1,1,1,1,0,0,1,1,1,1,1,0,1,1,1,0,1,1,1,0,1,1,1,1,1,1,1,0,1,0,1,1,1,1,1,0,0,0,1,1,1
1441:0,0,1,1,1,1,1,1,1,0,1,1,0,0,0,1,1,1,1,1,0,1,1,1,1,1,1,1,0,1,1,1,1,1,1,1,0,0,0,1,1,1,1,1,0,1,1,1,1,1,1,1,0,1,1,1,1,1,1,1,1,1,1,1
1442:1,1,0,0,0,1,1,1,1,1,0,1,0,1,1,1,1,1,0,1,1,1,1,1,1,1,0,1,1,1,1,1,1,1,1,1,0,0,1,1,1,1,1,1,1,1,0,0,1,1,1,1,1,1,0,1,1,1,1,1,1,1,0,1
1443:1,0,1,1,0,1,1,1,1,1,0,1,0,0,1,1,1,1,0,1,1,0,1,1,0,0,0,0,0,0,0,1,1,1,0,0,1,1,0,1,1,1,1,1,0,1,0,1,1,1,1,1,1,1,0,1,1,1,1,1,1,1,0,1
1444:1,0,0,1,1,1,1,1,1,1,0,1,1,0,1,1,0,0,0,0,0,0,1,1,1,1,0,1,1,0,0,1,1,1,1,1,1,1,1,1,1,0,0,0,0,1,1,1,1,1,1,0,1,1,1,1,1,1,1,0,1,1,1,1
1445:1,0,1,1,0,0,1,1,1,1,0,1,1,0,1,1,1,1,0,1,1,1,1,1,0,0,0,0,0,0,0,1,1,0,1,1,1,1,1,1,1,0,1,1,1,1,1,1,1,0,1,1,1,1,1,1,1,0,0,0,0,0,0,1
1446:1,0,1,1,1,1,1,1,1,0,1,1,1,1,1,1,1,1,1,1,0,0,1,1,1,1,1,1,1,1,1,1,1,0,0,0,0,1,1,1,0,0,1,1,1,0,1,1,1,1,1,1,1,1,1,1,1,1,1,1,1,1,1,1
1447:1,1,0,0,1,1,1,1,1,1,1,0,1,1,1,1,1,1,1,0,0,1,1,1,1,0,0,1,0,1,0,1,1,1,1,1,0,1,0,1,1,0,1,1,0,1,1,1,1,1,0,0,0,0,1,1,1,1,1,1,1,1,0,1
1448:0,0,1,1,0,0,1,1,1,0,1,1,1,0,1,1,1,0,0,1,1,0,0,1,1,0,0,0,1,0,0,0,1,0,1,0,1,0,1,0,1,0,1,0,1,0,1,0,1,0,1,0,1,0,1,0,1,1,1,1,1,1,1,1
1449:1,0,1,1,1,1,1,1,1,0,0,1,1,1,1,1,1,0,0,0,0,0,0,1,1,1,1,1,1,1,1,1,1,1,0,0,0,0,1,1,1,1,0,1,0,0,0,1,1,1,0,1,0,1,1,1,1,1,1,1,1,1,1,1
1450:1,0,1,1,1,1,1,1,1,0,0,1,1,1,1,1,1,0,0,0,0,0,0,1,1,1,1,1,0,0,1,1,1,1,0,1,1,0,1,1,1,1,0,1,0,0,1,1,1,1,0,1,0,0,1,1,1,1,1,1,1,1,1,1
1451:1,0,0,1,1,1,1,1,1,1,0,1,0,1,1,1,1,1,0,1,1,1,1,1,0,0,0,0,0,0,0,1,1,1,0,1,0,1,0,1,1,1,0,1,1,1,0,1,1,1,0,1,1,1,0,1,1,1,1,1,1,1,1,1
1452:0,0,1,1,1,1,0,1,1,0,1,1,1,1,0,0,1,1,1,1,1,1,1,1,1,0,0,1,1,1,0,1,0,1,1,0,1,1,0,1,0,1,1,0,1,1,0,1,0,1,1,0,1,1,0,0,0,0,0,0,1,0,0,1
1453:0,0,0,0,0,0,0,1,1,1,1,0,1,1,0,1,1,1,0,0,1,1,1,1,1,1,0,0,1,1,1,1,1,0,0,0,0,1,1,1,1,1,1,0,1,1,1,1,1,1,1,1,1,1,1,1,1,1,1,1,1,1,1,1
1454:1,1,0,1,1,1,1,1,1,1,0,0,1,1,1,1,0,0,0,0,0,0,1,1,1,1,0,1,1,0,1,1,1,0,1,1,1,0,1,1,1,1,1,1,1,0,0,1,1,1,1,0,1,1,1,1,1,1,1,0,0,1,1,1
1455:0,0,0,0,0,0,0,1,1,0,0,0,0,0,0,0,1,0,1,1,1,0,0,0,1,0,1,0,0,0,0,0,1,0,1,0,1,0,0,0,1,0,0,1,0,0,0,0,1,1,0,1,1,1,1,0,1,1,1,1,1,1,1,0
1456:0,0,0,1,1,1,1,1,1,1,0,1,0,1,1,1,1,1,0,0,1,1,0,1,1,1,0,1,1,1,0,0,1,1,0,1,0,1,1,0,1,1,0,1,1,1,1,0,1,1,0,1,1,1,1,0,1,1,1,1,1,1,1,1
1457:1,0,0,0,0,0,1,1,1,1,0,1,1,0,1,1,1,0,0,0,0,0,1,1,1,1,1,1,1,0,1,1,0,0,0,0,0,0,0,1,1,1,1,1,1,1,0,1,1,1,1,1,1,1,0,1,1,1,1,1,1,1,1,1
1458:1,0,1,1,1,1,1,1,1,0,0,1,1,0,1,1,1,1,0,1,0,1,0,1,1,1,1,1,0,1,1,0,1,0,0,1,0,0,0,1,0,0,0,0,1,1,1,1,1,1,1,0,1,1,1,1,1,1,1,0,1,1,1,1
1459:1,0,0,0,0,0,1,1,0,1,0,0,0,1,0,1,0,1,0,1,0,1,1,1,0,1,1,1,1,1,1,1,0,1,1,1,1,1,1,1,1,0,1,1,0,1,0,1,1,1,1,1,1,1,0,1,1,1,1,1,1,1,0,1
1460:1,1,1,1,1,1,1,1,1,1,1,0,1,1,1,1,1,1,1,0,0,0,1,1,0,0,0,0,0,0,0,1,0,1,0,1,1,1,1,0,0,1,0,0,1,0,0,1,0,1,0,0,1,1,1,1,0,0,1,1,1,1,1,1
1461:1,0,0,0,1,1,1,1,1,1,1,0,1,1,1,1,1,1,1,1,1,1,1,1,1,1,1,1,1,1,1,1,1,1,1,1,1,1,0,1,1,1,1,1,1,1,1,1,1,1,1,1,1,1,1,1,1,1,1,1,1,1,1,1
1462:1,0,0,0,0,0,0,1,1,1,1,1,1,1,0,1,1,1,1,1,1,1,1,1,1,0,1,0,1,0,1,1,1,0,1,0,1,0,0,1,1,0,1,0,1,0,1,1,1,0,1,1,1,1,1,1,1,1,1,1,1,1,1,1
1463:0,0,1,1,1,1,1,1,1,0,1,1,0,0,1,1,1,1,1,1,1,0,1,1,1,1,1,1,0,0,0,1,1,1,1,1,1,0,1,1,1,1,1,1,1,0,1,1,1,1,1,1,1,0,1,1,1,1,1,1,1,0,1,1
1464:1,0,0,1,1,1,1,1,1,1,0,1,1,0,1,1,0,0,0,0,0,0,0,1,1,1,1,1,1,0,1,1,1,1,1,1,1,1,1,1,0,0,0,0,0,0,0,1,1,1,1,1,1,1,0,1,1,1,1,1,1,1,0,1
1465:1,0,1,1,1,0,1,1,1,1,0,1,1,0,0,1,1,1,0,1,1,0,0,1,1,1,0,1,1,1,1,1,1,0,0,0,0,0,0,1,1,1,0,1,1,1,0,1,1,1,0,1,1,1,1,1,1,1,0,1,1,1,1,1
1466:0,1,1,1,1,1,1,1,1,0,1,1,1,0,1,1,1,0,1,1,1,0,1,1,1,0,1,0,0,0,1,1,1,0,1,0,1,0,1,1,1,0,1,1,1,0,1,1,1,0,1,1,1,0,1,1,1,0,1,1,1,1,0,1
1467:1,0,1,1,0,1,1,1,1,0,0,1,1,0,1,1,1,1,0,1,1,0,1,1,1,0,0,1,1,0,0,1,1,0,0,1,1,0,0,1,1,1,0,1,1,0,1,1,1,1,0,1,1,0,1,1,0,0,0,0,0,0,0,1
1468:1,0,1,1,1,1,1,1,1,0,1,1,1,1,1,1,1,1,1,1,1,1,1,1,1,1,1,0,1,1,1,1,1,1,1,0,1,1,1,1,1,1,1,1,1,1,1,1,1,1,1,1,1,1,1,1,1,1,1,1,1,1,1,1
1469:0,0,1,0,1,1,1,1,1,0,1,1,1,1,1,1,1,0,1,1,1,0,1,1,0,0,0,0,0,0,0,1,1,0,1,1,0,0,0,0,1,0,1,1,1,1,1,1,1,0,1,1,0,1,1,1,1,1,1,1,1,1,1,1
1470:1,0,1,1,1,1,1,1,1,0,1,1,0,0,1,1,1,1,1,1,0,0,1,1,0,0,0,0,0,0,0,1,1,1,1,1,0,0,1,1,1,1,1,1,0,1,1,1,1,1,1,1,0,1,1,1,1,1,1,1,0,0,1,1
1471:1,1,1,1,1,1,1,1,1,1,0,1,0,1,1,1,0,0,0,0,0,0,0,1,1,1,0,1,0,1,0,1,1,1,0,1,0,1,1,1,1,0,0,0,0,0,1,1,1,1,1,1,1,0,1,1,1,1,1,1,1,1,1,1
1472:1,1,0,0,1,1,1,1,1,1,1,0,1,1,1,1,1,1,1,1,1,0,1,1,0,0,0,0,0,0,0,1,1,0,1,0,0,0,1,1,1,1,1,1,1,1,1,1,1,1,1,0,1,1,1,1,1,1,1,1,1,1,1,1
1473:1,1,0,0,1,1,1,1,1,1,1,0,1,1,1,1,1,1,1,0,1,1,1,1,0,0,1,0,0,0,0,1,1,0,1,0,0,1,0,1,0,1,0,1,1,0,1,1,0,0,0,0,0,0,1,1,1,0,1,1,1,1,0,1
1474:0,0,1,0,0,1,1,1,1,0,1,1,0,1,1,1,1,0,1,1,0,1,0,1,1,0,1,0,1,1,0,1,1,0,1,0,0,0,1,1,1,0,1,1,0,1,0,1,1,0,1,0,0,1,1,1,1,1,1,1,1,1,1,1
1475:0,0,1,1,1,1,1,1,1,0,1,1,1,1,1,1,0,0,0,0,0,0,0,1,1,0,1,0,1,1,0,1,1,0,0,1,0,0,0,1,1,0,0,1,0,0,1,1,1,0,1,0,1,1,0,1,1,1,1,1,1,1,1,1
1476:0,1,1,0,1,0,1,1,1,0,1,0,1,1,0,1,1,0,1,0,0,1,0,1,0,0,0,0,0,0,0,1,1,1,1,0,1,1,1,1,1,1,1,1,0,1,1,1,1,1,1,1,0,1,1,1,1,1,1,1,0,1,1,1
1477:1,1,1,0,1,0,1,1,1,0,1,0,1,1,0,1,1,0,1,1,1,1,0,1,0,0,0,0,0,0,0,1,1,1,1,1,1,1,0,1,1,1,0,0,0,1,1,1,1,1,1,1,0,1,1,1,1,1,1,1,0,1,1,1
1478:1,0,0,0,1,1,1,1,1,1,1,0,1,1,1,1,1,1,1,0,1,1,1,1,1,0,0,0,0,0,0,1,0,1,1,1,0,1,0,1,0,1,1,0,0,1,0,1,1,0,1,1,1,1,0,1,1,1,0,0,0,0,1,1
1479:1,0,0,0,0,0,0,1,1,1,1,1,1,1,0,1,1,1,0,0,0,1,1,1,1,1,1,1,1,1,1,1,1,0,1,0,1,1,1,1,1,0,1,0,1,1,1,1,1,0,1,0,1,0,1,1,1,1,1,1,1,1,1,1
1480:0,0,1,1,1,1,1,1,1,0,1,1,1,0,1,1,1,1,1,1,1,0,1,1,1,0,0,0,0,0,0,1,1,0,0,1,1,0,1,1,1,1,1,1,1,0,1,1,1,0,1,1,1,0,1,1,1,1,1,1,1,0,0,1
1481:0,1,1,0,1,1,1,1,1,0,1,0,1,0,1,1,1,0,1,0,1,0,1,1,1,0,0,0,0,0,1,1,0,1,0,0,0,0,1,1,1,0,0,0,1,0,1,1,1,1,0,1,1,0,1,1,1,1,1,1,1,0,0,1
1482:1,0,1,1,1,1,1,1,1,0,0,1,1,0,1,1,1,1,0,0,0,0,0,1,1,1,0,1,1,1,1,1,1,1,1,1,1,1,1,1,1,1,1,0,0,1,0,1,1,1,1,0,1,1,0,1,1,1,1,0,1,1,1,1
1483:1,0,1,1,1,1,1,1,1,1,0,1,1,1,1,1,1,0,0,0,0,0,0,1,1,1,0,1,1,1,0,1,1,1,1,1,1,1,1,1,0,0,1,0,0,1,1,1,1,1,1,0,0,1,1,1,1,1,1,1,1,1,1,1
1484:1,0,0,0,0,0,0,1,1,1,1,1,1,1,0,1,1,1,1,1,1,1,1,1,1,0,1,1,0,1,1,1,1,1,1,1,1,1,1,1,1,0,1,1,0,1,1,1,1,1,1,1,1,1,1,1,1,1,1,1,1,1,1,1
1485:1,0,0,0,1,1,1,1,1,1,0,0,1,0,1,1,1,1,0,0,0,0,1,1,1,1,1,1,0,1,0,1,1,1,1,1,1,1,1,1,0,0,0,0,0,0,0,0,1,1,1,1,1,1,0,1,1,1,1,1,1,1,0,1
1486:1,1,1,1,1,1,1,1,1,1,1,1,1,1,0,1,0,0,0,0,0,0,1,1,1,1,1,1,0,0,0,1,1,1,1,0,0,1,1,1,0,1,1,0,0,1,1,1,1,1,1,1,0,1,1,1,1,1,1,1,0,1,1,1
1487:1,1,0,1,1,1,1,1,1,1,0,1,0,1,1,1,1,1,0,1,0,1,1,1,1,1,1,1,0,0,1,1,1,0,0,0,1,0,0,1,1,1,0,0,0,1,1,1,1,1,0,0,0,1,1,1,1,0,1,1,1,0,1,1
1488:0,0,1,1,1,1,1,1,1,1,0,1,1,1,1,1,1,1,0,1,0,1,0,1,1,1,0,1,0,0,0,1,1,1,0,1,0,0,0,1,1,1,0,1,1,0,1,1,1,1,0,1,1,1,1,1,1,1,0,1,1,1,1,1
1489:1,1,1,1,1,1,1,1,1,1,0,1,0,1,1,1,1,1,0,0,0,1,1,1,0,1,0,0,0,0,0,1,1,1,1,1,0,1,1,1,0,1,0,1,0,1,1,1,0,1,1,1,1,1,1,1,0,0,0,0,0,0,0,1
1490:0,0,1,1,1,1,1,1,1,0,1,1,1,1,1,1,1,0,1,0,0,1,1,1,1,0,0,0,0,0,0,1,1,0,0,0,0,1,0,0,1,0,1,1,0,0,1,1,1,0,1,1,0,1,1,1,1,0,1,1,0,1,1,1
1491:1,1,0,0,1,1,1,1,1,1,1,1,0,1,1,1,1,0,1,0,0,0,0,1,1,1,1,1,1,1,0,1,1,0,1,1,0,1,1,1,1,0,1,0,1,0,1,1,1,0,1,0,1,1,1,1,1,1,1,1,1,1,1,1
1492:0,0,0,0,0,0,0,1,1,1,1,1,1,1,0,0,1,0,1,0,1,1,1,0,1,1,0,1,1,1,1,0,1,0,0,0,0,0,1,0,1,1,0,1,1,1,1,0,1,0,1,0,1,1,1,0,1,1,1,1,1,1,1,0
1493:1,0,0,1,0,0,1,1,1,1,0,1,1,0,1,1,1,0,0,0,1,0,0,1,1,0,0,1,1,0,1,1,1,1,0,0,0,0,1,1,1,1,0,0,0,0,1,1,1,0,0,1,1,0,0,1,1,0,1,0,1,1,0,1
1494:0,0,0,1,1,1,1,1,1,1,0,1,1,1,1,1,1,1,1,1,1,1,1,1,1,1,0,1,1,1,1,1,1,1,0,1,1,1,1,1,1,1,1,1,1,1,1,1,1,1,1,1,1,1,1,1,1,1,1,1,1,1,1,1
1495:0,0,0,0,0,0,0,1,1,1,1,0,1,1,0,1,0,1,1,0,1,1,1,1,0,0,1,0,1,1,1,1,1,1,0,1,1,1,0,1,1,1,0,1,1,1,1,1,1,0,1,1,1,0,1,1,1,1,1,1,1,1,1,1
1496:0,0,1,1,1,1,1,1,1,0,0,0,1,0,1,1,1,1,0,1,1,1,1,1,1,0,0,0,1,0,0,1,1,1,0,1,1,1,1,1,1,1,0,1,0,1,1,1,1,1,0,1,1,1,1,1,1,1,0,1,1,1,1,1
1497:0,0,0,0,0,0,0,0,1,1,0,0,0,1,1,0,1,0,0,0,0,0,1,0,1,0,1,0,1,0,1,0,1,0,0,0,0,0,1,0,1,1,0,0,1,1,1,1,1,0,0,0,0,1,0,1,1,1,1,1,1,0,1,1
1498:1,0,0,1,1,1,1,1,1,1,0,1,0,1,1,1,1,1,1,1,1,1,1,1,1,1,0,1,1,1,1,1,1,1,1,1,1,1,1,1,1,1,1,1,1,1,1,1,1,1,0,1,0,1,1,1,1,1,0,1,1,0,1,1
1499:1,1,0,0,1,1,1,1,1,1,1,0,0,1,1,1,0,0,0,0,0,0,0,1,0,1,1,1,1,1,1,0,0,0,1,0,0,1,0,1,1,1,1,0,0,1,1,1,1,1,1,1,1,1,0,1,1,1,1,1,1,1,0,1
1500:0,1,1,1,1,1,0,1,0,0,1,1,1,1,0,0,1,0,1,0,0,1,1,1,1,0,1,0,0,1,0,1,1,0,1,1,1,1,0,1,1,0,1,0,0,1,1,0,1,0,1,1,1,1,0,1,1,0,1,1,1,0,0,1
1501:1,1,1,0,1,1,1,1,1,1,0,0,0,1,1,1,1,1,0,0,0,1,1,1,1,0,0,0,0,0,1,1,1,1,0,0,1,1,0,1,1,0,0,0,0,0,1,1,1,1,0,0,1,1,1,1,1,0,1,1,0,0,0,1
1502:1,0,0,0,0,1,1,1,1,1,0,1,1,1,1,1,1,1,0,0,0,0,1,1,1,1,1,1,1,1,0,1,1,1,0,1,1,1,1,1,1,1,0,1,1,0,1,1,1,1,1,1,1,0,1,1,1,1,1,1,1,0,0,1
1503:0,0,1,1,1,1,1,1,1,0,0,1,1,1,1,1,0,0,0,1,1,1,1,1,1,1,0,0,1,1,0,1,1,1,0,0,0,0,0,1,1,1,0,1,0,0,0,1,1,1,0,1,1,1,1,1,0,0,0,0,1,1,1,1
1504:1,1,0,0,1,1,1,1,1,1,1,0,1,1,1,1,1,1,1,0,0,1,1,1,1,0,1,1,1,1,0,1,1,0,1,0,1,1,0,1,1,1,1,1,1,1,1,1,1,1,1,1,1,0,1,1,1,1,1,1,1,0,0,1
1505:1,0,1,1,1,1,1,1,1,0,0,1,0,0,1,1,1,0,0,0,0,0,0,1,1,1,1,1,0,0,0,0,1,1,1,1,0,0,0,1,1,1,1,1,1,0,0,1,1,0,0,1,0,0,0,1,0,1,1,0,1,1,1,1
1506:1,0,1,1,1,1,1,1,1,0,1,1,0,0,0,1,1,1,1,1,1,1,0,1,0,0,0,0,0,0,0,1,1,0,0,0,0,1,0,1,1,1,1,1,1,1,1,1,1,1,1,0,0,0,0,1,1,1,1,1,1,1,1,1
1507:1,1,0,1,1,1,1,1,1,1,0,0,1,0,1,1,0,1,0,0,0,0,0,1,1,1,0,0,1,0,0,1,1,1,0,0,1,0,1,1,0,0,0,0,0,0,0,1,1,1,1,1,1,1,0,1,1,1,1,1,1,1,0,1
1508:0,1,1,1,1,1,1,1,1,0,1,0,0,0,1,1,1,0,0,1,1,0,1,1,0,0,0,0,0,0,0,1,1,0,0,0,0,0,0,1,1,0,0,1,1,0,1,1,1,0,0,0,0,0,1,1,1,0,1,1,1,1,0,1
1509:1,0,0,0,1,1,1,1,1,0,0,0,0,1,1,1,1,0,0,0,0,1,1,1,0,0,0,0,0,0,1,1,1,1,1,0,1,0,0,1,1,1,1,1,1,1,0,1,1,1,0,1,1,1,0,1,1,1,1,1,1,1,1,1
1510:1,1,0,1,1,1,1,1,1,1,0,0,1,1,1,1,0,0,0,0,0,0,0,1,1,0,1,1,1,1,0,1,1,1,1,1,1,1,0,1,1,1,1,1,1,1,1,1,1,1,1,0,1,0,1,1,1,1,1,1,1,0,1,1
1511:1,0,0,0,0,0,0,1,1,1,1,1,1,1,0,1,1,0,0,0,0,1,1,1,1,0,1,0,1,0,1,1,1,0,0,0,0,1,1,1,1,0,1,0,1,1,1,1,1,0,0,0,0,1,1,1,1,1,1,1,1,1,1,1
1512:1,0,1,1,0,0,1,1,1,1,0,1,1,0,1,1,1,1,0,1,1,0,1,1,1,1,0,1,1,0,1,1,1,1,0,1,1,0,0,1,1,0,0,0,0,0,0,1,1,1,1,1,1,1,0,1,1,1,1,1,1,1,0,1
1513:1,1,0,0,1,1,1,1,1,1,1,0,1,1,1,1,1,1,1,0,0,1,1,1,0,0,0,0,1,0,0,1,1,1,1,0,1,1,1,1,0,0,0,0,1,0,1,1,1,1,1,1,0,0,1,1,1,1,1,1,1,0,0,1
1514:0,1,1,1,1,1,1,1,1,0,1,1,1,0,1,1,1,0,1,0,1,0,1,1,1,0,1,1,1,0,0,1,1,0,1,0,1,0,1,1,1,0,1,1,1,0,1,1,1,0,1,1,1,0,1,1,1,0,1,1,1,0,0,1
1515:1,0,0,1,0,0,0,1,1,0,0,0,0,0,0,1,1,0,1,0,1,1,1,1,1,0,0,1,0,1,1,1,1,1,0,0,1,1,1,1,0,0,0,0,0,0,0,1,1,1,1,1,1,1,0,1,1,1,1,1,1,1,0,1
1516:1,0,0,1,1,1,1,1,1,1,0,1,1,1,1,1,0,0,0,0,0,0,0,1,1,0,0,0,0,0,0,1,1,1,1,1,1,0,0,1,1,1,0,1,1,1,1,1,1,1,0,1,1,1,1,1,1,1,1,1,1,1,1,1
1517:0,0,0,0,0,0,0,1,0,1,0,1,0,0,1,0,0,1,0,1,0,0,1,0,0,1,0,1,0,0,1,0,0,1,0,1,0,0,1,0,0,1,0,1,1,1,1,0,0,0,1,1,1,1,1,0,1,1,1,1,1,1,1,0
1518:1,1,1,1,1,1,1,1,1,0,0,1,1,1,1,1,1,0,0,0,0,0,1,1,1,1,0,1,0,0,1,1,1,1,1,1,1,0,1,1,1,1,1,0,0,1,1,1,1,1,1,0,0,1,1,1,1,1,0,1,1,0,1,1
1519:1,0,1,1,1,1,1,1,1,0,1,1,0,0,0,1,1,1,1,1,1,1,0,1,0,0,0,0,0,0,0,1,1,1,0,1,0,0,1,1,1,1,1,1,1,0,0,1,1,1,0,1,1,0,1,1,1,1,1,1,1,0,1,1
1520:1,0,1,1,1,1,1,1,1,0,1,1,0,0,1,1,1,0,0,0,1,0,0,1,0,0,0,0,0,0,0,1,1,1,1,1,1,1,0,1,1,1,1,1,0,0,1,1,1,1,1,0,1,1,0,1,1,1,1,1,0,0,1,1
1521:1,0,1,1,1,1,1,1,1,1,0,1,0,1,1,1,0,0,0,0,0,0,0,1,1,1,0,1,1,1,1,1,1,1,0,1,1,1,1,1,1,1,1,0,0,1,0,1,1,1,1,0,1,1,1,1,1,1,1,0,1,1,1,1
1522:1,1,1,1,1,1,1,1,0,0,1,1,1,1,1,1,1,0,0,0,0,0,0,1,1,0,0,1,1,1,0,1,1,0,0,1,0,0,0,1,1,0,0,0,1,1,1,1,1,1,1,0,1,1,1,1,1,1,1,0,1,1,1,1
1523:1,0,1,1,1,1,1,1,1,0,1,1,1,1,1,1,0,0,0,0,0,0,0,1,1,0,1,0,0,0,1,1,1,0,1,1,1,1,1,1,1,0,0,0,1,1,1,1,1,1,1,0,1,1,1,1,1,1,1,0,1,1,1,1
1524:1,1,0,0,0,1,1,1,1,1,1,1,0,1,1,1,1,0,1,0,0,0,0,1,1,1,1,1,1,1,0,1,1,1,0,1,0,1,0,1,1,1,1,1,1,1,1,1,1,1,1,0,1,1,1,1,1,1,1,0,1,1,1,1
1525:0,0,1,1,0,0,1,1,1,0,1,0,1,0,1,1,1,0,0,0,0,0,0,1,1,0,0,0,1,0,0,1,1,1,1,1,1,1,1,1,0,1,1,1,1,1,0,1,1,0,1,1,1,0,0,1,1,1,0,0,0,0,1,1
1526:1,1,0,1,0,0,1,1,1,1,1,0,1,0,1,1,1,1,0,0,1,0,1,1,1,1,1,1,1,1,1,1,1,0,0,1,0,0,0,0,0,1,1,0,0,1,1,1,1,1,1,0,0,1,1,1,1,1,1,1,0,1,1,1
1527:0,0,1,1,1,1,1,1,1,1,0,1,1,1,1,1,1,1,0,1,0,0,1,1,1,1,0,1,1,1,1,1,1,1,0,0,1,1,1,1,1,1,0,1,0,0,1,1,1,1,0,1,1,1,1,1,1,1,0,1,1,1,1,1
1528:1,0,0,0,0,0,0,1,1,1,1,1,1,1,0,1,1,1,1,1,1,1,1,1,1,0,1,1,1,1,1,1,1,1,1,1,0,1,1,1,1,0,1,1,0,1,1,1,1,1,1,1,1,1,1,1,1,1,1,1,1,1,1,1
1529:0,0,0,0,0,0,0,1,1,1,1,0,1,1,1,1,1,0,1,0,1,1,1,1,1,1,1,0,1,1,1,1,1,1,1,0,1,1,1,1,1,1,1,0,1,1,1,1,1,1,1,0,1,1,1,1,1,1,1,1,1,1,1,1
1530:1,0,1,1,1,1,1,1,1,0,0,1,0,0,1,1,1,0,0,1,0,0,0,1,1,1,1,1,1,1,1,1,1,1,0,0,0,0,1,1,0,0,1,1,1,1,0,1,1,1,1,1,1,0,1,1,1,1,0,0,0,1,1,1
1531:1,1,0,0,1,1,1,1,1,1,1,0,1,1,1,1,1,0,1,0,1,0,0,1,1,0,1,0,1,1,1,1,1,0,0,0,0,0,0,1,1,1,1,1,1,1,0,1,1,1,1,1,1,1,1,1,1,1,1,1,1,1,1,1
1532:1,1,0,0,1,1,1,1,1,1,1,0,1,1,1,1,1,1,1,1,0,1,1,1,0,0,0,0,0,0,0,1,0,0,0,0,0,0,0,1,1,1,1,1,1,1,1,1,1,1,1,0,1,1,1,1,1,1,1,1,1,1,1,1
1533:1,0,0,0,0,0,1,1,0,0,0,0,0,0,0,1,0,1,1,0,0,1,1,1,0,1,1,1,1,1,1,1,0,0,0,0,0,0,0,1,1,1,0,1,0,1,0,1,1,1,0,1,0,1,0,1,1,1,0,1,0,1,0,1
1534:1,0,1,1,1,1,1,1,1,0,1,1,0,0,1,1,1,1,1,1,1,1,1,1,1,0,0,0,0,1,1,1,0,0,1,1,1,0,0,1,1,1,1,1,1,1,1,1,1,1,1,1,0,0,1,1,1,1,1,1,1,1,1,1
1535:1,0,1,1,0,0,1,1,1,1,0,1,1,0,1,1,1,1,0,1,1,1,1,1,0,0,0,0,0,0,0,1,1,1,1,1,1,1,0,1,1,0,1,0,1,1,0,1,1,0,1,0,1,1,1,1,1,1,1,1,1,1,1,1
1536:1,1,1,1,1,1,1,1,1,0,0,1,0,1,1,1,1,1,0,1,0,0,0,1,1,1,0,1,1,0,1,1,1,1,0,0,0,0,1,1,1,0,0,0,0,0,0,1,1,0,1,0,0,1,0,1,1,1,0,0,0,0,1,1
1537:1,0,1,1,1,1,1,1,1,1,0,1,1,1,1,1,1,1,0,1,1,0,1,1,1,1,0,1,1,0,1,1,1,1,0,1,1,1,1,1,1,0,0,0,1,1,1,1,1,1,0,1,1,0,1,1,0,0,0,0,0,1,0,1
1538:1,0,0,0,0,0,1,1,0,1,0,0,0,1,0,1,0,1,0,1,1,1,1,1,0,1,1,1,0,1,1,1,0,0,0,1,1,1,0,1,1,1,1,1,1,1,0,1,1,1,0,1,0,1,0,1,1,1,1,1,1,1,0,1
1539:1,0,0,0,0,0,0,1,1,1,0,0,0,1,0,1,1,1,0,0,0,1,1,1,1,1,0,0,0,1,1,1,1,1,0,1,0,1,1,1,0,0,0,0,0,0,0,1,1,1,1,1,1,1,0,0,1,1,1,1,1,1,1,1
1540:0,0,1,1,1,1,1,1,1,0,1,1,1,1,1,1,1,0,0,1,1,1,1,1,1,0,0,1,1,1,1,1,1,0,0,1,1,1,1,1,1,0,0,0,0,0,0,1,1,0,0,1,0,0,0,0,1,1,1,1,1,1,1,1
1541:1,0,0,1,1,1,1,1,1,0,0,0,1,0,1,1,1,0,1,0,1,0,1,1,1,1,1,1,1,0,0,1,1,1,0,0,0,0,1,1,1,1,0,0,0,0,1,1,1,1,1,0,0,1,1,1,1,1,0,1,1,0,1,1
1542:0,0,1,1,1,1,1,1,1,0,0,1,1,1,1,1,1,0,1,0,1,0,0,1,0,0,1,1,0,0,0,1,0,0,1,0,1,0,0,1,1,0,0,1,1,1,1,1,1,0,1,1,1,1,1,1,1,1,1,1,1,1,1,1
1543:1,0,1,1,1,1,1,1,1,0,1,1,0,0,0,1,1,1,1,1,1,1,0,1,1,0,0,0,0,0,0,1,1,0,0,1,0,0,0,1,1,1,1,1,1,1,0,1,1,1,0,0,1,1,0,1,1,1,1,1,0,0,0,1
1544:1,1,1,1,0,1,1,1,1,0,0,0,0,0,1,1,1,1,0,1,0,0,0,1,1,1,1,1,1,1,1,1,1,1,1,0,0,1,1,1,1,0,0,1,1,0,0,1,1,1,1,0,0,1,1,1,1,1,1,0,0,1,1,1
