3605:1,1,1,0,0,1,1,1,1,0,1,1,0,1,0,1,0,0,1,1,0,0,1,1,1,0,0,0,0,1,1,1,1,0,1,0,0,1,1,1,1,0,0,0,1,0,1,1,0,0,0,1,1,1,0,1,1,1,0,0,0,1,1,1
3606:1,1,1,1,1,1,1,1,0,0,1,0,1,1,0,1,0,1,0,0,0,0,1,1,0,0,1,0,1,1,0,1,1,0,0,0,0,1,1,1,1,1,1,1,1,0,1,1,1,1,1,1,1,0,1,1,1,1,1,1,1,1,1,1
3607:1,1,0,0,0,1,1,1,1,1,0,1,0,1,1,1,1,1,1,1,0,1,0,1,0,1,0,0,0,0,1,0,1,1,0,0,1,1,1,0,0,0,1,0,1,1,0,1,1,1,0,1,0,1,1,1,1,1,0,1,1,1,1,1
3608:1,1,1,1,1,1,1,1,0,1,1,1,1,1,1,1,0,0,1,0,1,1,1,1,0,1,0,1,1,0,1,1,0,1,0,1,0,0,0,1,0,0,1,0,1,0,1,1,0,1,1,0,1,1,1,1,1,1,1,1,1,1,1,1
3609:1,1,1,0,1,1,1,1,1,0,1,0,1,1,0,1,0,0,0,0,0,0,1,1,0,0,0,0,0,0,0,1,1,1,1,0,0,1,1,1,1,1,0,1,0,1,1,1,1,1,0,1,1,0,1,1,1,1,0,1,1,1,1,1
3610:1,0,0,0,0,0,1,1,1,0,0,1,1,0,1,1,1,1,1,0,0,1,1,1,1,1,1,0,0,1,0,1,1,0,0,1,1,0,1,1,1,1,0,1,1,0,1,1,1,0,1,1,1,0,1,1,0,0,1,1,1,1,0,1
3611:1,1,1,1,1,1,1,1,0,0,1,1,0,1,1,1,1,0,1,1,0,0,1,1,0,1,0,0,1,1,1,1,0,1,0,0,0,1,1,1,0,0,1,1,0,1,1,1,0,0,1,1,0,0,1,1,1,1,1,1,1,0,1,1
3612:1,1,0,0,0,1,1,1,1,1,0,1,0,1,1,1,1,1,1,1,0,1,1,1,1,1,0,0,0,1,1,1,0,0,1,0,0,0,0,1,0,1,1,0,1,1,0,1,0,1,0,1,0,1,0,1,0,1,0,1,0,1,1,1
3613:1,1,0,0,0,1,1,1,1,0,0,1,0,0,1,1,0,0,0,0,0,0,0,1,1,1,1,0,1,1,1,1,1,1,1,0,1,1,1,1,1,1,0,0,0,1,1,1,1,0,0,1,0,0,1,1,1,1,1,1,1,1,1,1
3614:1,0,1,0,0,0,1,1,1,0,0,1,1,0,1,1,1,1,1,0,0,1,1,1,1,1,1,0,0,1,1,1,1,0,0,1,1,0,1,1,0,0,1,0,0,1,0,1,1,1,1,0,0,1,1,1,1,1,1,1,1,1,1,1
3615:1,0,0,1,1,0,0,1,0,0,0,1,0,1,0,1,1,0,0,1,1,1,0,1,1,0,0,1,1,0,1,1,1,0,1,1,1,0,1,1,1,0,0,1,1,0,1,1,1,1,0,1,0,1,0,1,0,1,1,1,0,1,0,1
3616:1,0,0,0,0,0,1,1,1,0,0,0,0,0,1,1,1,1,1,0,0,1,1,1,1,1,0,0,0,0,1,1,1,0,1,0,0,1,0,1,1,1,1,1,0,0,1,1,1,1,1,1,1,1,1,1,1,1,1,1,0,1,1,1
3617:0,0,0,0,1,1,0,1,0,0,0,0,1,1,0,0,1,0,1,0,1,1,1,1,1,0,0,1,1,1,0,1,1,1,0,1,1,1,0,1,1,0,0,1,1,1,1,0,1,0,1,0,1,1,0,0,0,1,1,0,1,0,0,1
3618:1,1,1,1,1,1,1,1,1,1,0,0,0,1,1,1,0,0,0,0,0,0,0,1,1,1,0,1,1,0,1,1,1,1,1,0,0,1,1,1,1,1,1,0,0,1,1,1,1,0,0,1,1,0,1,1,1,1,1,1,1,1,0,1
3619:1,0,1,0,0,0,0,1,1,0,0,0,0,0,1,1,1,1,1,0,0,1,1,1,1,1,0,0,0,1,1,1,1,0,1,0,1,0,0,1,1,1,1,0,0,1,1,1,1,1,1,0,0,1,1,1,0,0,0,0,0,0,0,1
3620:1,0,0,1,1,1,1,1,1,0,1,0,1,0,1,1,1,0,1,1,1,0,1,1,1,0,0,1,1,0,1,1,1,0,0,1,1,0,0,1,1,1,0,1,1,0,1,1,1,0,1,0,1,0,1,1,1,0,1,0,1,0,0,1
3621:1,1,1,1,1,1,1,1,0,1,1,0,1,1,1,1,0,0,1,1,1,1,0,1,0,0,0,0,0,0,0,1,0,0,0,1,0,0,0,1,0,1,1,0,1,1,1,1,0,1,1,1,1,1,1,1,1,1,1,1,1,1,1,1
3622:1,0,0,0,0,0,1,1,1,0,0,0,1,0,1,1,1,1,0,1,0,1,1,1,1,1,1,0,0,1,1,1,1,1,1,0,0,1,1,1,1,1,0,1,0,1,1,1,1,0,0,1,1,0,1,1,1,0,1,1,1,1,0,1
3623:1,1,1,1,1,1,1,1,0,0,1,0,1,0,0,1,0,1,0,0,0,1,0,1,0,0,0,0,1,0,0,1,1,1,1,0,0,1,1,1,1,1,1,1,0,1,1,1,1,1,1,1,0,1,1,1,1,1,1,0,0,1,1,1
3624:1,1,1,1,1,1,1,1,0,1,1,1,0,1,1,1,0,0,1,1,0,1,0,1,0,1,0,0,1,1,0,1,0,1,0,0,1,1,0,1,0,0,1,0,1,1,0,1,0,1,1,1,0,1,1,1,1,1,1,1,1,0,1,1
3625:1,1,1,0,0,1,1,1,1,0,1,1,0,1,0,1,1,1,0,0,0,0,0,1,0,0,1,0,0,1,1,1,1,1,0,0,0,0,0,1,1,1,0,1,0,1,0,1,1,0,1,1,0,1,1,1,1,1,1,1,1,1,1,1
3626:1,0,0,0,1,1,1,1,1,0,1,0,1,1,1,1,1,1,1,1,1,1,1,1,1,0,0,0,0,0,0,1,1,0,0,1,0,0,0,1,1,1,0,1,1,1,1,1,1,0,1,0,1,1,1,1,1,0,1,1,1,1,1,1
3627:1,0,1,0,0,0,1,1,1,0,0,1,1,0,1,1,1,1,1,0,0,1,1,1,1,1,1,0,0,1,1,1,1,0,0,1,1,0,1,1,0,1,1,1,1,1,0,1,1,1,0,0,0,0,1,1,1,1,0,1,1,1,1,1
3628:1,0,1,1,1,1,1,1,1,0,0,1,1,0,1,1,1,1,0,1,1,0,1,1,1,0,0,0,1,0,0,1,1,1,1,1,0,0,0,1,1,1,1,1,1,1,1,1,1,1,1,1,1,0,1,1,1,1,1,1,1,1,1,1
3629:1,0,0,0,0,0,1,1,1,0,0,0,0,0,1,1,1,1,1,0,0,1,1,1,1,1,1,0,0,1,1,1,1,0,1,1,1,0,1,1,1,1,1,0,0,1,1,1,1,1,0,0,0,1,1,1,1,1,1,1,1,1,1,1
3630:1,1,1,0,1,0,1,1,0,0,1,0,0,0,1,1,1,0,1,0,1,0,1,1,1,1,0,1,1,0,0,1,1,1,0,1,1,0,1,1,1,0,1,0,1,0,1,1,1,0,1,1,0,0,0,1,1,1,1,1,1,1,0,1
3631:1,0,0,1,1,1,1,1,1,0,1,0,1,1,1,1,1,0,1,1,0,0,1,1,1,0,0,0,0,0,0,1,1,0,0,0,0,0,0,1,1,0,0,1,1,1,1,1,1,0,1,0,0,0,1,1,1,1,1,0,1,1,1,1
3632:1,1,1,1,1,1,1,1,1,1,0,0,0,0,1,1,0,0,0,0,0,0,0,1,1,0,1,1,1,0,1,1,1,1,0,1,0,1,1,1,1,1,1,0,0,1,1,1,1,1,0,1,0,1,1,1,1,0,1,1,1,0,1,1
3633:0,0,0,1,1,1,1,1,0,1,0,1,1,1,1,1,0,1,0,1,0,1,1,1,1,0,1,1,0,0,0,1,1,0,1,1,0,0,0,1,1,0,1,1,0,1,1,1,0,1,0,1,1,1,1,1,0,1,0,1,1,1,1,1
3634:1,1,0,0,0,1,1,1,1,1,1,0,1,1,1,1,1,1,1,0,1,1,1,1,1,1,0,1,1,1,1,1,0,0,0,1,1,0,0,1,1,0,1,1,1,0,0,1,1,0,1,1,1,0,0,1,1,1,1,1,1,1,1,1
3635:0,1,1,1,1,1,0,1,1,0,1,1,1,0,1,1,1,0,0,1,0,0,1,1,1,0,0,1,0,0,0,1,1,1,1,0,1,1,1,1,1,1,1,0,1,1,1,1,1,1,0,1,0,1,1,1,1,1,1,1,1,1,1,1
3636:1,1,0,0,1,1,1,1,1,0,1,0,1,1,1,1,0,1,1,0,1,0,1,1,0,1,0,0,1,0,0,1,0,0,0,0,0,0,0,1,0,1,0,0,1,0,1,1,1,1,1,0,1,1,1,1,1,0,1,1,1,1,1,1
3637:1,0,0,0,1,1,1,1,1,0,1,0,0,1,0,1,1,0,0,1,1,1,1,1,0,0,0,0,0,0,0,1,1,0,0,1,1,1,1,1,1,0,0,1,1,0,1,1,1,0,1,0,1,0,1,1,1,1,1,1,1,1,1,1
3638:1,1,1,1,1,1,1,1,0,1,0,1,0,1,0,1,1,0,1,1,0,1,1,1,1,0,0,0,0,0,0,1,0,0,0,0,0,0,0,1,1,0,1,1,1,0,1,1,0,1,0,1,0,1,0,1,0,0,0,1,0,1,0,1
3639:1,1,1,1,1,1,1,1,0,1,0,1,1,1,1,1,0,0,0,0,0,1,1,1,0,1,0,0,1,1,0,1,0,1,0,0,1,1,0,1,0,0,0,0,1,1,0,1,0,1,1,1,0,1,1,1,1,1,0,1,1,1,1,1
3640:1,1,1,1,1,1,1,1,0,0,0,0,1,0,1,1,0,0,0,0,0,0,0,1,0,0,0,0,1,1,1,1,1,1,0,1,0,1,1,1,1,1,1,1,1,0,0,1,1,1,1,1,1,1,1,1,1,1,1,1,1,0,1,1
3641:1,1,1,1,1,1,1,1,0,1,0,1,0,1,1,1,0,0,0,0,0,1,1,1,0,0,0,0,1,1,1,1,0,1,0,1,1,1,0,1,0,0,0,0,1,0,1,1,0,1,0,1,0,1,1,1,1,1,0,1,1,1,1,1
3642:1,1,0,0,0,1,1,1,1,1,0,1,0,1,1,1,1,1,1,0,0,1,1,1,0,0,1,0,1,1,0,1,1,0,1,0,1,1,0,1,1,1,1,0,1,1,1,1,1,1,0,1,0,1,1,1,1,1,0,1,1,1,1,1
3643:0,0,0,1,1,0,0,1,0,0,0,0,0,0,0,1,1,0,0,1,1,0,0,1,1,0,0,1,1,0,1,1,1,0,1,1,1,0,1,1,1,0,0,1,1,0,1,1,0,1,0,1,0,1,0,1,0,1,1,1,0,1,0,1
3644:1,0,0,0,0,0,0,1,1,1,0,1,1,0,1,1,1,1,0,0,0,1,1,1,1,1,1,0,0,1,1,1,1,1,0,1,0,0,1,1,1,0,0,1,0,0,0,1,1,0,0,1,1,0,0,1,1,1,1,1,1,1,1,1
3645:1,1,1,1,1,1,1,1,1,1,1,0,0,1,1,1,1,1,1,0,0,1,1,1,0,0,0,0,0,0,0,1,0,1,0,0,0,0,1,1,0,0,0,0,0,0,0,1,1,1,1,0,0,1,1,1,1,1,0,0,0,0,1,1
3646:1,0,0,1,1,0,1,1,0,0,0,0,0,0,0,1,1,1,1,1,0,0,0,1,1,0,0,1,0,1,0,1,1,0,0,1,0,0,0,1,1,0,0,1,0,0,0,1,1,0,0,1,0,1,0,1,0,1,1,1,0,0,0,1
3647:1,0,0,0,0,0,1,1,1,1,1,1,0,1,1,1,1,1,1,0,1,1,1,1,1,1,1,0,1,1,1,1,1,1,0,1,0,1,1,1,1,0,1,1,1,0,1,1,0,1,1,1,1,1,0,1,1,1,1,1,1,1,1,1
3648:1,0,0,1,0,1,1,1,1,1,1,0,0,1,1,1,1,1,0,0,0,1,1,1,1,0,0,1,1,0,1,1,0,1,1,0,0,1,0,1,1,1,1,1,0,1,1,1,1,1,1,0,1,1,1,1,1,1,0,0,0,1,1,1
3649:1,0,0,0,0,0,1,1,1,1,1,1,0,1,1,1,1,1,1,0,1,1,1,1,1,1,1,0,0,1,1,1,1,1,0,1,1,0,1,1,1,0,0,1,1,0,1,1,0,1,1,0,1,1,0,1,1,1,1,1,1,1,1,1
3650:1,1,0,0,0,0,1,1,1,1,1,1,0,0,1,1,1,1,1,0,0,1,1,1,1,1,0,1,0,1,1,1,1,0,1,1,1,0,0,1,0,1,0,0,0,1,0,1,1,1,0,1,0,1,1,1,1,1,1,0,0,1,1,1
3651:1,1,0,1,1,0,0,1,1,1,0,1,1,1,0,1,1,1,0,1,1,1,0,1,1,1,1,1,1,0,1,1,1,0,1,1,1,0,1,1,1,0,0,1,1,0,1,1,0,1,0,1,0,1,0,1,0,1,1,1,1,1,1,1
3652:1,0,1,1,1,1,1,1,1,0,0,1,0,1,1,1,1,0,0,1,0,0,0,1,1,1,1,1,1,0,1,1,1,1,1,0,1,0,1,1,1,1,1,1,1,1,0,1,1,1,1,1,1,1,0,1,1,1,1,1,1,0,1,1
3653:1,1,0,0,0,1,1,1,1,1,1,0,0,1,1,1,1,1,0,1,1,0,1,1,0,0,1,1,1,1,0,1,1,1,0,1,1,0,1,1,1,1,1,0,1,1,1,1,1,1,1,0,1,1,1,1,1,1,1,1,1,1,1,1
3654:1,1,0,0,0,0,0,1,1,0,1,1,1,1,1,1,1,0,1,0,1,1,1,1,1,0,1,1,0,0,1,1,1,0,1,1,0,0,1,1,1,0,1,0,1,0,1,1,0,1,1,0,1,0,1,1,0,1,1,1,1,1,1,1
3655:1,1,0,0,0,0,0,1,1,0,1,1,1,1,1,1,1,0,1,0,0,1,1,1,1,0,1,1,1,0,1,1,1,0,1,1,0,1,1,1,1,0,1,1,0,1,1,1,0,1,1,0,0,1,1,1,0,1,1,1,0,0,1,1
3656:1,1,0,0,0,0,0,1,1,0,1,1,1,1,1,1,1,0,1,1,1,1,1,1,1,0,1,0,1,0,0,1,1,0,1,1,1,1,1,1,1,0,1,0,1,0,0,1,0,1,1,1,1,1,1,1,0,1,1,1,1,1,1,1
3657:1,1,0,0,1,1,0,1,1,0,1,0,0,0,0,1,1,0,1,0,1,1,1,1,1,0,1,0,1,1,1,1,1,0,1,0,0,0,1,1,1,0,1,1,1,0,1,1,0,1,1,0,1,0,1,1,0,1,1,1,1,1,1,1
3658:1,1,0,0,0,0,0,1,1,0,1,0,0,0,0,1,1,0,1,0,0,0,1,1,1,0,1,0,0,0,1,1,1,0,1,0,0,0,0,1,1,0,1,1,1,0,1,1,0,1,1,1,0,0,1,1,0,1,1,1,1,1,1,1
3659:1,1,0,0,0,0,0,1,1,0,1,1,1,1,1,1,1,0,0,0,0,0,0,1,1,0,0,1,0,1,1,1,1,0,0,1,0,1,1,1,1,0,0,1,0,1,1,1,0,1,0,0,0,0,0,1,0,1,1,1,1,1,1,1
3660:1,1,0,0,0,0,0,1,1,0,1,1,1,1,1,1,1,0,1,1,1,1,1,1,1,0,1,1,0,0,1,1,1,0,1,1,0,0,0,1,1,0,1,1,0,0,1,1,0,1,1,1,1,1,0,1,0,1,1,1,1,1,1,1
3661:1,1,1,1,1,1,1,1,0,0,0,0,0,0,0,1,0,1,1,1,1,1,0,1,0,1,1,1,1,1,0,1,0,1,1,1,1,1,0,1,0,1,1,1,1,1,0,1,1,0,0,0,0,0,0,1,1,1,1,1,1,1,1,1
3662:0,0,0,1,0,0,0,1,0,1,1,0,0,1,0,0,0,1,1,1,0,1,1,0,0,1,1,1,0,1,1,0,0,1,1,1,0,1,1,0,0,1,1,1,0,1,1,0,0,1,1,0,1,1,1,0,0,0,0,0,0,0,0,0
3663:1,1,1,0,1,1,1,1,1,1,1,1,0,1,1,1,0,0,0,0,0,0,0,1,0,1,1,1,0,1,1,0,0,1,1,1,0,1,1,0,0,1,1,0,0,1,1,0,0,1,1,1,1,1,1,0,0,0,0,0,0,0,0,0
3664:0,0,0,0,0,0,0,1,0,1,1,1,1,1,0,0,0,1,1,1,1,1,1,0,0,1,0,0,1,1,1,0,0,1,0,1,0,0,1,0,0,1,1,1,1,1,1,0,0,1,1,1,1,1,1,0,0,0,0,0,0,0,0,0
3665:0,0,0,0,0,0,0,1,0,1,1,1,1,1,0,0,0,1,1,0,0,1,1,0,0,1,1,0,1,1,1,0,0,1,1,0,1,1,1,0,0,1,1,0,1,1,1,0,0,1,1,0,0,1,1,0,0,0,0,0,0,0,0,0
3666:0,0,0,0,0,0,0,1,0,1,1,1,1,1,0,0,0,1,0,0,0,1,1,0,0,1,0,1,1,1,1,0,0,1,0,0,0,1,1,0,0,1,1,1,0,1,1,0,0,1,1,1,1,1,1,0,0,0,0,0,0,0,0,0
3667:0,0,0,0,0,0,0,1,0,1,1,1,1,1,0,0,0,1,1,1,1,1,1,0,0,1,1,1,1,1,1,0,0,1,0,0,0,1,1,0,0,1,1,1,1,1,1,0,0,1,1,1,1,1,1,0,0,0,0,0,0,0,0,0
3668:0,0,0,0,0,0,0,1,0,1,1,0,1,1,0,0,0,1,1,0,1,1,1,0,0,1,1,0,1,1,1,0,0,1,1,0,0,0,0,0,0,1,1,1,1,1,1,0,0,1,1,1,1,1,1,0,0,0,0,0,0,0,0,0
3669:0,0,0,0,0,0,0,1,0,0,0,1,1,0,0,0,0,1,1,1,1,0,1,0,0,1,1,0,1,0,1,0,0,1,1,1,1,0,1,0,0,1,0,1,0,1,1,0,0,1,1,1,1,1,1,0,0,0,0,0,0,0,0,0
3670:0,0,0,0,0,0,0,1,0,0,1,1,1,1,0,0,0,0,1,1,1,1,0,0,0,1,0,1,1,0,1,0,0,1,0,1,1,0,1,0,0,0,1,1,1,0,0,0,0,1,1,1,1,1,0,0,0,0,0,0,0,0,0,0
3671:0,0,0,0,0,0,0,1,0,1,1,1,1,1,0,0,0,1,1,0,0,1,1,0,0,1,0,1,0,1,1,0,0,1,1,0,0,1,1,0,0,1,0,1,0,1,1,0,0,1,1,1,1,1,1,0,0,0,0,0,0,0,0,0
3672:0,0,0,0,0,0,0,1,0,1,0,0,1,0,0,0,0,1,0,1,1,1,1,0,0,1,0,1,0,1,1,0,0,1,0,0,0,0,1,0,0,1,0,1,1,0,1,0,0,1,0,1,1,1,1,0,0,0,0,0,0,0,0,0
3673:0,0,0,0,0,0,0,1,0,1,1,1,1,0,0,0,0,1,1,1,1,0,1,0,0,1,1,1,0,1,1,0,0,1,1,0,0,1,1,0,0,1,0,1,1,0,1,0,0,0,1,1,1,1,0,0,0,0,0,0,0,0,0,0
3674:1,0,0,0,0,0,0,1,0,1,1,0,1,1,0,1,0,1,1,0,1,1,0,1,0,0,0,0,0,0,0,1,0,1,1,0,1,1,0,1,0,1,1,0,1,1,1,1,0,0,1,0,0,1,0,1,1,0,1,1,0,0,1,1
3675:0,0,0,0,0,0,0,1,0,1,0,1,0,0,1,0,0,1,0,1,1,1,1,0,0,1,0,1,1,1,1,0,0,1,0,1,1,1,1,0,0,1,0,1,1,1,1,0,0,1,0,1,1,1,1,0,0,0,0,0,0,0,0,0
3676:0,0,0,0,0,0,0,1,0,1,1,1,1,1,0,0,0,1,1,0,1,1,1,0,0,1,1,0,0,1,1,0,0,1,0,1,1,1,1,0,0,1,0,0,0,0,1,0,0,1,1,1,1,1,1,0,0,0,0,0,0,0,0,0
3677:0,0,0,0,0,0,0,1,0,1,1,1,1,1,0,0,0,0,0,0,0,1,1,0,0,1,1,1,0,1,1,0,0,1,1,1,0,1,1,0,0,0,0,0,0,1,1,0,0,1,1,1,1,1,1,0,0,0,0,0,0,0,0,0
3678:0,0,0,0,0,0,0,1,0,1,1,1,1,1,0,0,0,1,0,0,1,1,1,0,0,1,1,0,1,0,1,0,0,1,1,0,1,0,1,0,0,1,1,0,1,0,1,0,0,1,1,1,1,1,1,0,0,0,0,0,0,0,0,0
3679:0,0,0,0,0,0,1,1,0,0,0,0,1,1,0,1,1,1,1,1,1,0,0,1,0,1,0,0,0,1,0,1,0,1,1,0,0,1,0,1,0,1,0,1,1,0,0,1,0,1,0,0,1,1,0,1,0,0,0,0,0,0,0,1
3680:0,0,0,0,0,0,0,1,0,1,1,1,1,1,0,0,0,1,1,1,1,1,1,0,0,0,0,0,0,0,0,0,0,0,1,0,1,1,0,0,0,0,0,0,0,0,1,0,0,1,1,1,1,1,1,0,0,0,0,0,0,0,0,0
3681:0,0,0,0,0,0,0,1,0,0,0,0,0,0,0,0,0,1,1,1,1,0,1,0,0,1,1,1,1,0,1,0,0,1,1,1,1,0,1,0,0,1,1,1,1,0,1,0,0,1,1,1,1,0,1,0,0,0,0,0,0,0,0,0
3682:0,0,0,0,0,0,0,1,0,1,0,0,0,1,1,0,0,1,1,1,1,1,1,0,0,1,0,1,0,1,1,0,0,0,0,0,0,0,0,0,0,1,1,1,1,1,1,0,0,1,1,1,1,1,1,0,0,0,0,0,0,0,0,0
3683:0,0,0,0,0,0,0,1,0,1,1,1,1,1,0,0,0,1,1,1,0,1,1,0,0,1,0,0,0,1,1,0,0,1,0,0,0,1,1,0,0,1,1,1,0,1,1,0,0,1,1,1,1,1,1,0,0,0,0,0,0,0,0,0
3684:0,0,0,0,0,0,0,1,0,1,1,0,0,1,1,0,0,1,1,1,1,1,1,0,0,1,1,0,0,1,0,0,0,1,1,0,0,1,0,0,0,1,1,0,1,1,1,0,0,1,1,0,1,1,1,0,0,0,0,0,0,0,0,0
3685:0,0,0,0,0,0,0,1,0,1,1,0,1,1,0,0,0,1,1,0,1,1,1,0,0,1,0,0,0,1,1,0,0,1,1,0,0,1,1,0,0,1,1,0,1,1,1,0,0,1,1,0,1,1,1,0,0,0,0,0,0,0,0,0
3686:0,0,0,0,0,0,0,1,0,1,0,0,1,1,0,0,0,1,1,1,1,1,1,0,0,1,1,0,1,1,0,0,0,1,1,0,0,0,0,0,0,1,1,1,1,0,1,0,0,1,1,0,1,0,1,0,0,0,0,0,0,0,0,0
3687:0,0,0,0,0,0,0,1,0,1,1,1,1,1,0,0,0,1,1,1,1,1,1,0,0,1,1,1,1,1,1,0,0,0,0,0,0,0,0,0,0,1,0,1,1,1,1,0,0,1,0,1,0,1,1,0,0,0,0,0,0,0,0,0
3688:0,0,0,0,0,0,0,1,0,1,1,1,1,1,0,0,0,1,1,0,1,1,1,0,0,1,1,0,0,1,0,0,0,1,0,0,0,0,0,0,0,1,0,1,1,1,1,0,0,1,0,1,0,1,1,0,0,0,0,0,0,0,0,0
3689:0,0,0,0,0,0,0,1,0,1,0,1,0,1,1,0,0,1,0,1,1,1,1,0,0,1,0,1,0,1,1,0,0,0,0,1,0,0,0,0,0,1,0,1,0,1,1,0,0,1,0,1,0,1,1,0,0,0,0,0,0,0,0,0
3690:0,0,0,0,0,0,0,1,0,1,0,1,0,1,0,0,0,1,0,1,0,1,1,0,0,1,0,0,0,0,1,0,0,1,0,0,0,0,1,0,0,1,0,0,0,1,1,0,0,1,1,1,1,1,1,0,0,0,0,0,0,0,0,0
3691:0,0,0,0,0,0,0,1,0,1,0,1,0,0,1,0,0,1,0,1,0,1,1,0,0,1,0,0,0,1,1,0,0,1,0,1,0,1,1,0,0,1,0,1,0,1,1,0,0,1,0,1,1,1,1,0,0,0,0,0,0,0,0,0
3692:0,0,0,0,0,0,0,1,0,1,1,1,1,1,0,0,0,1,0,1,1,1,1,0,0,1,1,1,1,1,1,0,0,1,1,1,1,1,1,0,0,1,0,1,0,1,1,0,0,1,1,1,1,1,1,0,0,0,0,0,0,0,0,0
3693:0,0,0,0,0,0,0,1,0,1,1,0,1,1,0,0,0,1,1,0,1,1,1,0,0,1,1,0,0,0,1,0,0,1,1,0,1,1,1,0,0,1,1,0,1,1,1,0,0,1,1,0,1,1,1,0,0,0,0,0,0,0,0,0
3694:0,0,0,0,0,0,0,1,0,1,0,0,0,1,1,0,0,1,1,1,0,1,1,0,0,1,0,1,0,0,0,0,0,1,0,1,0,1,0,0,0,1,1,1,0,0,0,0,0,1,0,1,0,1,1,0,0,0,0,0,0,0,0,0
3695:1,1,1,1,1,1,1,1,1,1,1,0,0,1,1,1,1,0,0,0,0,0,1,1,1,0,1,0,0,0,0,1,0,0,0,0,0,0,0,1,1,0,1,0,1,0,1,1,1,0,0,0,0,0,1,1,1,1,1,0,1,1,1,1
3696:1,0,0,0,0,0,0,1,0,1,1,1,1,1,0,1,0,1,1,1,1,1,1,1,0,1,1,1,1,1,1,1,0,0,0,0,0,0,0,1,1,1,1,0,1,1,1,1,1,1,1,0,1,1,1,1,1,1,1,0,1,1,1,1
3697:0,0,0,0,0,0,0,0,0,1,0,1,1,1,1,0,0,1,1,1,0,1,1,0,0,1,1,0,0,1,0,0,1,1,1,0,1,1,1,1,1,1,1,1,1,1,1,1,1,1,0,0,1,1,1,1,1,1,1,0,0,1,1,1
3698:1,1,1,1,1,1,1,1,1,1,0,1,1,0,1,1,1,1,0,1,1,0,1,1,0,0,0,0,0,0,0,0,0,1,0,1,1,1,1,0,0,1,0,1,0,1,1,0,0,1,1,0,1,1,1,0,0,0,0,0,0,0,0,0
3699:0,0,0,0,0,0,0,0,0,1,1,1,1,1,1,0,0,1,1,1,1,1,1,0,0,0,0,0,0,0,0,1,1,0,0,1,1,1,1,1,1,1,0,0,0,0,1,1,1,1,1,1,1,0,1,1,1,1,1,1,1,1,1,1
3700:0,0,0,0,0,0,0,0,0,1,1,1,1,1,1,0,0,1,1,1,1,1,1,0,0,1,0,0,1,1,0,1,1,1,0,0,0,1,1,1,1,0,1,0,1,0,0,1,1,0,1,0,1,1,0,1,1,1,0,1,1,1,1,1
3701:1,1,0,0,1,1,1,1,1,1,1,0,0,1,1,1,0,0,0,0,0,0,0,0,0,1,1,0,1,1,1,0,0,1,1,0,0,1,1,0,0,0,0,0,0,0,0,1,1,1,0,1,1,1,1,1,1,1,0,0,0,0,1,1
3702:1,1,1,1,1,1,1,1,1,1,1,0,0,1,1,1,1,1,0,0,1,1,1,1,0,0,0,0,1,1,0,0,0,1,1,0,1,1,1,0,0,1,1,1,0,1,1,0,0,1,1,1,1,1,1,0,0,0,0,0,0,0,0,0
3703:1,0,0,0,0,0,1,1,1,0,1,1,1,0,1,1,1,0,0,0,0,0,1,1,1,1,1,0,1,1,1,1,0,0,0,0,0,0,1,1,1,1,0,1,1,0,1,1,1,0,1,1,1,0,1,1,1,1,1,1,1,0,0,1
3704:0,0,0,1,0,0,0,1,0,1,1,0,0,1,0,0,0,1,0,1,0,1,1,0,0,1,0,1,0,0,1,0,0,0,0,0,0,0,0,1,1,1,0,1,1,1,1,1,1,1,0,1,1,1,1,1,1,1,0,1,1,1,1,1
3705:1,1,1,0,1,1,1,1,0,0,1,0,0,1,0,1,0,1,1,0,1,1,0,1,1,0,0,0,0,0,0,1,1,1,1,0,1,1,1,1,1,1,0,1,0,0,1,1,1,0,1,1,1,1,0,1,1,1,1,1,1,1,1,1
3706:0,0,0,0,0,0,0,0,0,1,0,1,1,0,1,0,0,1,0,1,1,0,1,0,0,0,0,0,0,0,0,1,1,0,0,1,0,0,1,1,1,1,0,1,1,0,1,1,1,1,0,1,1,0,1,1,1,1,1,1,1,1,1,1
3707:1,1,1,1,1,1,1,1,0,1,1,0,1,1,0,1,0,0,1,0,1,1,0,1,0,0,0,0,0,0,0,0,0,1,0,1,0,1,1,0,0,1,0,0,0,1,1,0,0,1,1,0,0,1,1,0,0,0,0,0,0,0,0,0
3708:1,1,1,1,1,1,1,1,1,1,0,1,1,1,1,1,1,1,0,1,1,1,1,1,0,0,0,0,0,0,0,0,0,1,0,1,1,1,1,0,0,1,0,1,1,1,1,0,0,1,0,1,1,1,1,0,0,0,0,0,0,0,0,0
3709:1,1,0,0,0,1,1,1,1,1,1,1,0,0,1,1,0,1,1,0,0,1,0,0,0,0,0,0,0,1,0,0,0,1,0,0,1,1,0,0,1,1,0,0,1,1,1,1,1,1,0,1,1,1,1,1,1,1,1,0,0,1,1,1
3710:1,0,0,0,0,0,0,1,1,1,1,1,1,1,0,1,1,0,1,0,0,0,0,1,1,1,0,1,1,1,1,1,1,1,0,1,1,0,1,1,1,1,0,1,1,0,1,1,1,0,1,1,1,0,1,1,1,1,1,1,1,1,0,1
3711:1,1,1,0,1,1,1,1,1,1,1,0,0,1,1,1,0,0,0,0,0,0,0,0,0,1,1,0,1,1,1,0,0,0,0,0,0,1,0,0,1,1,1,1,0,0,1,1,1,1,1,1,0,1,1,1,1,1,1,0,1,1,1,1
3712:1,1,1,1,1,1,1,1,1,0,0,1,1,0,1,1,1,1,0,1,1,0,1,1,0,0,0,0,0,0,0,0,0,1,0,1,1,1,1,0,0,1,0,0,0,1,1,0,0,1,1,1,1,1,1,0,0,0,0,0,0,0,0,0
3713:1,0,0,0,0,0,1,1,1,0,1,0,1,1,0,1,1,0,1,0,1,1,0,1,1,0,0,0,0,0,1,1,0,0,0,0,0,0,0,1,1,1,1,0,1,1,0,1,1,1,1,0,1,1,1,1,1,1,1,0,1,1,1,1
3714:1,0,0,0,0,0,1,1,1,0,1,1,1,0,1,1,1,1,0,0,0,0,1,1,1,1,1,0,1,1,1,1,0,0,1,0,0,1,0,1,1,1,1,0,0,1,0,0,1,1,1,0,1,1,1,1,1,1,1,1,1,1,1,1
3715:0,0,0,0,0,0,0,0,0,1,0,1,1,0,1,0,0,0,0,1,1,0,1,0,0,1,1,0,1,0,1,0,0,0,0,0,0,0,0,0,1,1,0,1,1,1,1,1,1,1,0,1,1,1,1,1,1,1,1,1,1,1,1,1
3716:0,0,0,0,0,0,0,0,0,1,1,1,1,1,1,0,0,1,0,1,1,0,1,0,0,1,0,0,1,0,0,0,1,1,0,1,0,0,1,1,1,1,1,1,1,1,1,1,1,0,0,1,0,1,1,1,1,1,0,1,1,0,1,1
3717:1,1,0,0,0,0,1,1,1,0,0,1,0,0,1,1,0,1,0,0,0,1,0,0,0,1,1,0,1,1,1,0,0,1,1,0,0,1,0,0,1,1,0,1,0,0,1,1,1,1,0,1,1,0,1,1,1,1,1,1,1,1,1,1
3718:1,1,1,1,1,1,1,1,1,1,1,0,1,1,1,1,0,0,0,0,0,1,0,0,0,1,1,0,0,1,0,0,0,1,1,0,1,1,0,0,0,0,0,0,0,0,0,1,1,1,1,0,1,1,1,1,1,1,1,0,0,0,0,1
3719:0,0,0,0,0,0,0,1,0,1,1,1,1,1,0,0,0,0,0,0,0,0,0,0,0,1,1,0,1,1,1,0,0,0,0,0,0,0,0,0,1,1,1,0,1,1,1,1,1,1,1,0,1,1,1,1,1,1,1,0,1,1,1,1
3720:1,1,1,1,1,1,1,1,1,1,0,1,0,1,1,1,0,1,0,0,0,0,0,0,0,1,0,1,1,1,1,0,0,1,0,1,1,1,1,0,0,0,0,0,0,0,0,1,1,1,0,1,1,1,1,1,1,1,0,1,1,1,1,1
3721:1,0,0,0,0,0,0,1,0,0,1,0,1,1,0,1,0,1,1,0,1,1,0,1,0,0,1,0,0,0,0,1,1,1,1,0,0,1,1,1,1,1,1,1,1,1,1,1,1,1,0,0,0,1,1,1,0,0,1,1,0,0,0,1
3722:0,0,0,0,0,0,1,1,0,1,1,0,1,0,1,1,1,0,0,0,0,0,1,1,1,1,0,0,1,1,1,1,1,1,0,0,1,0,0,1,1,1,1,0,1,0,1,1,1,1,1,0,1,0,1,1,1,1,1,1,1,1,0,1
3723:1,1,1,1,1,1,0,1,0,0,0,0,0,0,0,1,0,1,0,1,0,0,1,0,1,1,1,1,0,1,1,0,0,1,0,1,0,1,1,0,0,0,0,0,0,0,0,1,1,1,1,0,1,1,0,1,1,1,1,1,1,1,1,1
3724:0,0,0,0,0,0,0,0,0,1,0,1,0,0,1,0,0,1,1,0,1,1,1,0,0,1,0,0,0,1,0,0,1,1,0,1,0,0,1,1,1,1,0,1,1,1,1,1,1,1,0,1,0,0,1,1,1,1,1,0,1,1,1,1
3725:1,0,0,0,0,0,1,1,1,0,1,1,1,0,1,1,1,0,0,0,0,0,1,1,0,0,1,1,1,0,1,1,1,0,0,1,1,0,0,1,1,0,1,1,1,0,1,1,1,0,1,1,1,0,1,1,1,0,0,1,1,0,0,1
3726:1,0,0,0,0,0,0,1,0,1,1,0,1,1,0,1,1,0,1,0,0,1,0,1,1,0,0,0,0,0,1,1,0,0,0,0,0,0,0,0,1,1,1,1,0,1,1,1,1,1,1,1,0,1,1,1,1,1,1,1,1,1,1,1
3727:0,0,0,0,0,0,0,1,0,1,1,1,1,1,0,0,0,1,1,1,1,1,1,0,0,1,0,1,0,1,1,0,0,0,0,0,0,0,0,1,1,1,0,1,0,1,1,1,1,1,0,1,0,1,1,1,1,1,0,1,0,1,1,1
3728:0,0,0,0,0,0,0,1,0,1,1,1,1,1,1,0,0,1,1,1,1,1,1,0,0,0,0,0,0,0,0,1,1,1,1,1,1,1,1,1,1,1,0,1,0,1,1,1,1,1,0,1,0,1,1,1,1,1,0,1,0,1,1,1
3729:0,0,0,0,0,0,0,1,0,1,0,1,0,0,1,0,0,1,0,1,1,1,1,0,0,0,0,0,0,0,0,0,1,1,1,0,1,1,1,1,1,1,1,0,1,1,1,1,1,1,1,0,1,1,1,1,1,1,1,0,0,0,1,1
3730:0,0,0,0,0,0,0,0,0,1,1,0,0,1,1,0,0,1,1,0,0,1,1,0,0,0,0,0,0,0,0,0,1,1,1,1,1,1,1,1,1,1,0,1,0,1,1,1,1,1,0,1,0,0,1,1,1,1,1,1,1,0,1,1
3731:1,1,1,1,1,1,1,1,1,0,0,1,1,1,1,1,0,0,0,0,1,1,1,1,0,1,1,1,1,1,0,1,0,1,1,1,1,1,1,1,0,1,1,0,1,1,0,1,0,0,0,0,1,1,1,1,1,1,1,1,1,1,1,1
3732:0,0,0,0,0,0,0,1,0,1,0,1,0,1,1,0,0,1,0,1,0,1,1,0,0,0,0,0,0,0,0,0,1,1,1,1,0,1,1,1,1,1,1,0,1,1,1,1,1,0,0,1,0,1,1,1,1,1,1,1,0,1,1,1
3733:0,0,0,1,0,0,0,1,0,1,1,0,0,1,0,0,0,1,1,0,1,1,1,0,0,0,0,0,0,0,0,1,1,0,1,1,1,0,1,1,1,1,0,0,0,1,1,1,1,1,0,0,0,1,1,1,1,0,1,1,1,1,0,1
3734:0,0,0,0,0,0,0,1,0,1,1,1,1,1,1,0,0,1,1,1,1,1,0,0,1,1,0,0,0,1,1,1,1,1,1,1,0,1,1,1,1,0,1,0,1,1,1,1,1,1,1,1,0,1,1,1,1,1,1,0,1,1,1,1
3735:0,0,1,1,1,1,1,1,1,1,0,1,0,1,1,1,0,0,0,0,0,0,0,1,0,1,0,1,0,1,1,0,0,1,0,1,0,1,0,0,1,1,0,1,0,0,1,1,1,1,0,1,0,1,1,1,0,0,0,1,0,0,0,1
3736:1,0,0,0,0,0,1,1,1,0,0,0,1,1,0,1,1,0,0,0,1,1,0,1,1,1,0,0,1,1,1,1,0,0,0,0,0,0,0,1,1,1,0,1,0,1,1,1,1,1,1,1,0,1,1,1,1,1,1,1,1,0,1,1
3737:0,0,0,0,0,0,0,1,0,1,1,1,1,1,0,0,0,1,1,1,1,1,1,0,0,0,0,0,0,0,0,1,1,1,1,1,1,1,1,1,1,0,1,0,1,0,1,1,1,0,1,0,1,0,1,1,1,1,1,1,1,0,1,1
3738:0,0,0,0,0,0,0,0,0,1,0,0,1,1,1,0,0,1,0,0,1,1,0,0,1,1,0,1,0,0,1,1,1,1,0,0,0,0,0,1,1,1,1,0,0,0,0,1,1,1,1,1,0,0,1,1,1,1,1,1,1,1,1,1
3739:1,0,0,0,0,0,1,1,1,0,1,1,1,0,0,1,1,0,0,0,0,0,1,1,1,1,1,1,1,1,1,1,1,1,0,0,0,1,1,1,1,1,0,0,0,1,0,1,1,1,0,1,0,1,1,1,1,1,0,1,0,1,1,1
3740:1,1,1,1,1,1,1,1,1,1,0,1,1,0,1,1,1,1,0,0,1,0,1,1,0,0,0,0,0,0,0,0,0,1,0,1,1,0,1,0,0,1,1,1,1,1,1,0,0,1,1,1,1,1,1,0,0,0,0,0,0,0,0,0
3741:1,1,0,1,1,1,1,1,1,1,0,0,1,1,1,1,0,0,0,0,0,0,0,0,0,0,0,0,0,1,0,0,0,1,1,0,0,1,0,0,0,0,0,0,0,0,0,1,1,0,1,0,1,1,1,1,1,1,1,0,0,0,0,1
3742:1,1,1,1,1,1,1,1,1,0,0,0,0,1,1,1,0,0,0,0,0,0,1,1,1,1,1,1,1,0,0,1,0,0,0,0,0,0,1,1,1,0,0,1,0,1,1,1,1,1,1,1,1,1,1,1,1,1,1,1,1,1,1,1
3743:1,0,0,0,0,0,0,1,0,1,1,1,1,1,0,1,0,1,1,0,0,1,1,1,0,1,1,1,1,1,0,1,1,0,0,0,0,0,1,1,1,1,0,0,0,0,1,1,1,1,0,0,0,0,1,1,1,1,1,0,1,1,1,1
3744:1,1,0,0,0,0,1,1,1,1,0,0,0,0,1,1,1,1,0,0,0,0,1,1,1,1,1,1,1,1,1,1,0,1,0,0,0,0,1,1,1,1,0,0,0,0,0,0,1,1,1,1,1,1,1,1,1,1,1,1,1,1,1,1
3745:1,0,0,0,0,0,0,1,1,0,1,0,1,1,0,1,1,0,0,0,0,0,1,1,1,1,1,0,1,1,1,1,0,0,0,0,0,0,0,1,1,1,1,0,1,0,1,1,1,1,1,0,1,1,1,1,1,1,1,1,1,1,1,1
3746:1,1,1,1,1,1,1,1,1,0,0,0,0,0,0,1,0,0,0,0,0,0,0,1,0,0,0,0,0,0,0,1,1,1,1,1,1,1,1,1,1,1,0,0,0,1,1,1,1,0,0,1,1,0,1,1,0,1,1,1,1,1,0,1
3747:1,0,0,0,0,0,0,1,1,0,1,1,1,1,0,1,1,1,1,1,1,1,0,1,1,0,0,0,0,0,0,1,1,1,1,1,0,1,1,1,1,0,0,0,0,0,0,1,1,1,0,0,0,1,1,1,0,0,0,0,0,0,0,1
3748:1,0,0,1,1,0,0,1,0,0,0,0,0,1,0,1,0,1,1,0,0,1,0,1,1,0,0,0,0,0,0,1,1,1,1,1,1,1,1,1,0,0,0,0,0,0,0,1,1,1,0,1,0,1,1,1,1,1,0,1,0,1,1,1
3749:0,0,0,0,0,0,0,1,0,1,0,1,0,1,1,0,0,1,0,1,0,1,1,0,0,0,0,0,0,0,0,1,1,1,1,1,1,1,1,1,0,0,1,0,1,1,1,1,1,0,1,0,0,1,1,1,1,1,1,0,1,1,1,1
3750:1,1,1,1,1,1,1,1,0,0,0,0,0,0,0,1,0,1,0,1,0,1,1,0,0,0,0,0,0,0,0,1,1,0,1,1,1,0,1,1,1,1,0,0,0,1,1,1,1,1,0,0,0,1,1,1,1,0,1,1,1,0,1,1
3751:1,1,1,1,1,1,1,1,0,0,0,0,0,0,0,1,0,1,0,0,0,0,1,0,0,0,0,0,0,0,0,0,1,0,0,0,0,0,1,1,1,1,0,0,1,0,1,1,1,1,1,1,1,1,1,1,1,1,1,1,1,0,1,1
3752:1,0,0,0,0,0,0,1,1,0,1,0,1,1,0,1,1,0,0,0,0,0,1,1,1,1,1,0,1,1,1,1,0,0,0,0,0,0,0,1,1,1,0,0,1,0,1,1,1,1,1,0,1,1,1,1,1,1,1,1,1,1,1,1
3753:1,1,1,1,1,1,1,1,1,0,0,1,0,0,1,1,1,1,0,1,1,0,1,1,1,0,0,0,0,0,0,1,0,0,0,1,1,0,0,1,0,1,1,1,1,0,0,1,0,0,0,1,1,0,0,1,0,0,0,0,0,0,0,1
3754:1,0,0,1,0,0,0,1,0,1,1,0,0,1,0,1,0,1,1,0,1,1,0,1,1,0,0,0,0,0,0,1,1,1,1,1,1,1,1,1,1,1,0,0,1,1,1,1,1,1,0,0,1,1,1,1,1,1,1,1,1,0,1,1
3755:1,0,1,1,1,0,0,1,0,1,0,0,0,1,0,1,0,1,0,0,0,1,1,1,0,0,0,0,0,1,0,1,1,0,0,1,0,1,0,1,1,0,0,1,1,0,1,1,1,0,0,1,1,0,1,1,1,0,1,1,1,0,0,1
3756:1,0,0,0,0,0,0,1,0,1,0,0,0,1,0,1,0,0,0,0,0,1,0,1,1,1,1,0,0,1,1,1,1,1,1,0,0,1,1,1,1,1,1,1,1,1,0,1,1,1,1,1,1,1,0,1,1,1,1,1,1,1,1,1
3757:1,0,0,0,0,0,0,1,0,0,0,0,0,0,0,1,0,0,0,0,0,0,0,1,0,0,0,0,0,1,1,1,0,0,0,0,0,1,0,1,1,1,0,0,1,1,1,1,1,1,1,1,1,1,1,1,1,1,1,1,1,1,1,1
3758:1,0,0,1,1,0,1,1,1,0,1,0,1,1,0,1,1,0,1,0,1,0,0,1,1,1,1,1,1,1,1,1,1,1,1,0,1,1,1,1,1,0,1,0,0,1,0,1,1,0,1,1,1,1,0,1,0,0,0,0,0,0,0,1
3759:1,0,1,1,0,0,1,1,1,0,0,0,1,1,0,1,1,0,0,0,1,1,0,1,1,0,0,0,0,0,1,1,1,1,1,0,0,0,1,1,0,0,0,0,0,0,0,1,1,1,1,0,1,1,1,1,1,1,1,0,1,1,1,1
3760:1,0,0,1,1,1,1,1,0,1,1,0,1,0,1,1,0,1,1,0,1,0,1,1,1,0,0,1,1,0,1,1,1,0,1,1,1,0,1,1,0,0,0,0,1,0,1,1,0,0,0,0,1,0,1,1,1,1,1,1,1,0,0,1
3761:1,0,0,0,0,0,0,1,0,1,0,1,0,1,0,1,0,1,0,1,0,1,0,1,1,1,1,0,1,1,1,1,1,1,1,0,0,1,1,1,1,0,0,1,1,0,1,1,0,1,1,0,0,1,0,1,1,1,1,0,0,1,1,1
3762:1,0,0,0,0,0,0,1,1,1,1,0,1,1,0,1,1,0,0,0,0,1,0,1,1,1,1,0,0,1,1,1,1,1,1,1,1,1,1,1,1,1,1,1,1,1,1,1,1,1,0,1,0,1,0,1,1,1,1,1,1,1,1,1
3763:0,0,0,0,0,0,0,1,0,1,1,0,0,1,1,1,0,1,1,0,0,1,1,1,0,0,0,0,0,1,0,1,1,0,0,0,0,0,0,1,1,0,0,0,0,0,0,1,1,1,1,1,1,1,0,1,1,1,1,1,1,1,1,1
3764:1,0,0,0,0,0,0,1,0,1,0,0,0,1,0,1,0,0,0,0,0,0,0,1,1,1,1,0,0,1,1,1,1,1,1,0,0,1,1,1,1,0,1,0,1,1,0,1,1,0,1,1,0,1,0,1,1,1,1,0,1,1,1,1
3765:1,1,0,0,0,0,1,1,1,0,1,1,0,0,1,1,0,0,1,1,0,0,0,1,0,1,1,1,1,1,0,1,0,0,1,0,1,1,0,1,1,0,0,0,0,0,0,1,1,1,0,1,1,1,1,1,1,1,1,0,0,0,1,1
3766:1,1,1,1,0,1,1,1,1,1,0,1,1,0,1,1,0,0,0,0,0,0,0,1,0,1,0,1,1,0,0,1,0,0,0,1,0,0,0,1,0,0,0,0,0,0,0,1,1,1,0,1,0,1,1,1,1,1,0,1,0,0,1,1
3767:1,0,0,0,0,0,0,1,0,1,0,1,0,1,0,1,0,1,0,1,0,1,0,1,1,0,0,0,0,0,0,1,1,1,1,1,1,1,1,1,0,0,0,0,0,0,0,1,1,1,0,1,0,1,1,1,1,1,0,1,0,0,1,1
3768:1,0,0,0,0,0,0,1,0,1,0,1,0,1,0,1,0,0,0,0,0,0,0,1,1,1,1,1,1,1,1,1,1,0,1,1,0,1,1,1,1,0,0,1,0,0,1,1,1,0,1,1,1,1,1,1,1,1,1,1,0,0,0,1
3769:1,0,0,0,0,0,1,1,0,1,0,1,0,1,0,1,0,0,0,0,0,0,0,1,1,1,1,1,1,1,1,1,1,1,1,1,0,1,1,1,0,0,1,1,1,1,1,1,1,1,0,1,1,1,0,1,1,1,0,0,0,0,1,1
3770:1,0,0,0,0,0,0,1,0,1,0,1,0,1,0,1,0,0,0,0,0,1,0,1,1,1,1,1,1,1,1,1,1,1,0,1,0,1,1,1,1,0,0,0,0,0,0,1,1,1,0,1,0,1,1,1,0,0,0,0,0,0,0,1
3771:1,0,0,0,0,0,0,1,0,0,0,0,0,0,0,1,1,0,0,0,0,0,0,1,1,1,1,0,0,1,1,1,1,0,1,0,0,0,1,1,1,1,0,0,0,1,0,1,1,1,0,1,0,1,1,1,1,1,1,0,1,1,1,1
3772:1,0,0,0,0,0,0,1,0,0,0,0,0,0,0,1,1,1,0,0,1,1,0,1,1,1,1,0,1,1,1,1,1,0,0,0,0,0,0,1,1,0,0,1,0,0,1,1,1,1,0,1,1,0,0,1,1,1,0,1,1,1,1,1
3773:1,0,0,0,0,0,0,1,0,0,0,0,1,1,0,1,0,0,0,1,1,1,0,1,0,0,0,0,1,1,0,1,1,1,1,0,0,1,1,1,1,1,0,1,0,0,1,1,0,0,1,0,1,1,0,1,1,1,1,0,0,1,1,1
3774:1,1,0,0,0,0,1,1,1,0,1,0,0,0,1,1,1,0,0,0,0,0,1,1,1,0,0,0,0,0,1,1,1,1,0,1,1,0,1,1,0,0,0,1,1,1,0,1,0,1,1,0,0,1,0,0,1,0,0,1,1,0,0,1
3775:1,1,0,0,0,1,1,1,0,1,0,1,0,1,1,0,0,0,0,0,0,0,0,1,1,1,0,0,0,1,1,1,1,1,0,0,0,1,1,1,1,1,0,0,0,1,1,1,1,1,0,1,0,1,1,1,1,1,1,0,1,1,1,1
3776:0,0,0,1,1,0,0,1,0,1,1,0,0,1,1,0,0,1,1,0,0,1,1,0,0,0,0,1,1,0,0,1,1,0,0,1,1,0,1,1,1,0,0,1,0,0,1,1,1,0,0,1,0,0,1,1,1,1,1,1,1,0,1,1
3777:1,0,1,0,0,1,0,1,0,1,0,1,0,0,0,1,0,1,0,1,1,0,1,1,0,0,0,0,0,0,0,1,1,0,0,0,0,0,0,1,0,1,0,1,1,0,0,1,0,1,0,1,1,1,1,1,0,0,0,0,0,0,0,1
3778:1,1,1,1,1,1,1,1,0,0,0,0,0,0,0,1,1,0,0,1,1,0,1,1,1,0,0,1,1,0,1,1,1,0,0,1,1,0,0,1,1,0,0,1,0,0,0,1,1,0,0,1,0,0,0,1,1,0,1,1,1,0,1,1
3779:1,1,0,0,0,1,1,1,1,1,0,1,1,0,1,1,1,1,1,1,1,0,1,1,0,0,0,1,0,0,1,1,1,0,0,1,0,0,1,1,1,1,0,1,1,0,1,1,1,1,0,1,1,0,1,1,1,1,0,0,0,0,1,1
3780:0,0,0,0,1,1,1,1,0,1,1,0,1,1,0,1,0,1,1,0,1,0,1,1,0,1,1,0,0,1,1,1,0,1,1,0,0,1,1,1,0,1,1,0,1,0,1,1,0,1,1,0,1,1,0,1,0,0,0,0,1,1,1,1
3781:0,0,0,1,1,1,1,1,0,1,1,0,1,1,1,1,0,1,1,0,1,1,1,1,0,0,0,0,1,0,1,1,0,1,1,0,1,0,0,1,0,1,1,0,1,0,1,1,0,1,1,0,1,0,1,1,0,0,0,0,1,0,0,1
3782:0,0,0,0,1,1,1,1,0,1,1,0,1,1,1,1,0,1,1,1,1,1,1,1,0,0,0,0,0,1,1,1,0,1,1,1,0,0,0,1,0,1,1,1,1,1,1,1,0,1,1,1,1,1,1,1,0,0,0,0,1,1,1,1
3783:0,0,0,1,1,1,1,1,0,1,1,0,1,1,0,1,0,1,1,0,1,0,1,1,0,1,1,0,0,1,1,1,0,1,1,0,0,1,1,1,0,1,1,0,1,0,1,1,0,1,1,0,1,0,1,1,0,0,0,0,1,1,0,1
3784:0,0,0,0,0,1,1,1,0,0,0,1,0,1,1,1,0,1,1,1,0,1,1,1,0,1,0,1,0,0,1,1,0,1,1,1,0,0,0,0,0,1,1,1,0,1,1,0,0,1,1,1,0,1,1,0,0,0,0,0,0,1,1,0
3785:1,1,0,0,0,1,1,1,1,1,0,1,1,0,1,1,1,1,1,1,1,0,1,1,1,0,0,0,0,0,1,1,0,0,1,1,1,0,0,1,1,1,1,1,1,0,1,1,1,1,1,1,1,0,1,1,1,1,0,0,0,0,1,1
3786:0,0,0,1,1,1,1,1,0,1,1,0,1,1,1,1,0,1,1,0,1,1,1,1,0,1,1,0,0,0,0,1,0,1,1,0,1,1,0,1,0,1,1,0,1,0,1,1,0,1,1,0,1,0,1,1,0,0,0,0,1,0,0,1
3787:1,1,0,0,0,1,1,1,1,1,0,1,1,0,1,1,1,1,1,1,1,0,1,1,1,0,0,1,1,0,1,1,1,0,0,1,1,0,1,1,1,1,1,1,1,0,1,1,1,1,0,1,1,0,1,1,1,1,0,0,0,0,1,1
3788:1,1,0,0,1,1,1,1,1,1,0,0,0,1,1,1,1,0,1,1,1,1,1,1,0,0,0,0,0,1,1,1,1,0,0,0,0,0,0,1,1,1,1,1,1,1,1,1,1,1,1,1,0,0,0,1,1,1,0,0,1,1,1,1
3789:0,0,0,1,1,1,1,1,0,1,1,0,1,1,1,1,0,1,1,0,1,1,1,1,0,1,1,0,0,0,0,1,0,1,1,0,1,1,0,1,0,1,1,0,1,1,0,1,0,1,1,0,1,1,0,0,0,0,0,0,1,0,0,1
3790:0,0,0,0,1,1,1,1,0,1,1,0,1,0,0,1,0,1,1,0,1,0,1,1,0,0,0,0,0,0,0,1,0,1,1,0,0,1,1,0,0,1,1,0,1,1,1,0,0,1,1,0,1,0,0,1,1,1,0,1,1,1,1,1
3791:0,0,0,0,1,1,1,1,0,1,1,1,0,1,1,1,0,1,1,1,0,1,1,1,0,1,1,0,0,1,1,1,0,1,1,0,0,1,1,1,0,1,1,1,0,1,1,1,0,1,1,1,0,1,1,1,0,0,0,0,0,1,1,1
3792:1,1,0,0,0,0,1,1,1,0,1,1,1,0,1,1,0,0,1,0,1,1,1,1,1,0,1,0,1,1,1,1,1,0,1,0,1,0,1,1,1,0,1,0,1,0,0,1,1,0,1,1,1,0,0,1,1,0,0,0,0,0,1,1
3793:0,0,0,0,1,1,1,1,0,1,1,1,0,1,1,1,0,1,1,1,0,1,1,1,0,1,1,0,0,1,1,1,0,1,1,1,0,1,0,0,0,1,1,1,0,1,0,1,0,1,1,1,0,1,1,1,0,0,0,0,0,1,1,1
3794:0,0,0,1,1,1,1,1,0,1,1,0,1,1,0,0,0,1,1,0,1,1,0,1,0,1,0,0,1,1,0,1,0,1,1,0,1,1,0,1,0,1,1,0,1,1,1,1,0,1,1,0,1,1,0,1,0,0,0,0,1,0,0,1
3795:0,0,0,1,1,1,1,1,0,1,1,0,0,1,1,1,0,1,1,0,0,1,1,1,0,1,0,0,0,1,1,1,0,1,1,0,0,1,1,1,0,1,1,0,0,1,1,1,0,1,1,0,0,1,1,1,0,0,0,0,0,0,0,1
3796:1,0,0,0,0,0,1,1,1,0,1,1,1,1,0,1,1,1,1,1,1,1,0,1,1,0,1,1,1,1,0,1,1,0,0,0,0,0,1,1,1,1,1,1,1,1,1,1,0,1,1,0,1,1,0,1,1,0,1,1,0,1,1,1
3797:0,0,0,0,1,1,1,1,0,0,0,0,1,0,1,1,0,1,1,1,1,0,1,1,0,1,1,1,1,0,1,1,0,1,0,0,1,0,1,1,0,1,1,1,1,0,1,1,0,1,1,1,1,0,1,1,0,0,0,0,1,0,0,1
3798:0,0,0,1,1,1,1,1,0,1,1,0,1,1,1,1,0,1,1,0,1,1,1,1,0,1,1,0,1,1,1,1,0,1,1,0,1,1,1,1,0,1,1,0,1,1,1,1,0,1,1,0,1,1,1,1,0,0,0,0,1,1,1,1
3799:0,0,0,0,1,1,1,1,0,1,1,0,1,0,1,1,0,1,1,1,1,0,1,1,0,1,1,1,1,0,1,1,0,1,1,1,1,0,1,1,0,1,1,1,1,0,1,1,0,1,1,1,1,0,1,1,0,0,0,0,1,0,0,1
3800:0,0,0,0,1,1,1,1,0,0,0,0,1,1,1,1,0,1,1,1,1,1,1,1,0,1,0,0,0,0,0,1,0,1,1,1,1,1,0,1,0,1,1,1,1,1,1,1,0,1,1,1,1,0,1,1,0,0,0,0,0,0,0,1
3801:0,0,0,0,0,1,1,1,0,1,0,0,1,0,1,1,0,1,1,1,1,0,1,1,0,1,0,0,1,0,1,1,0,1,1,0,1,0,0,1,0,1,0,1,1,0,1,1,0,1,0,1,1,0,1,1,0,0,0,0,0,0,1,1
3802:0,0,1,0,0,1,1,1,0,1,0,1,0,1,1,1,0,1,1,0,1,0,0,1,0,1,1,1,0,0,1,1,0,1,1,1,0,0,1,1,0,1,1,0,0,0,0,1,0,1,0,1,1,1,1,1,0,0,0,0,0,1,1,1
3803:0,0,0,0,1,1,1,1,0,0,0,0,1,1,1,1,1,1,1,1,1,0,1,1,0,1,0,0,0,0,1,1,0,1,0,0,0,0,0,1,0,1,1,1,0,1,1,0,0,1,1,0,1,0,0,1,0,0,0,0,1,1,1,1
3804:1,1,1,1,1,0,1,1,1,0,0,0,0,0,1,1,1,0,0,0,0,0,1,1,1,1,1,1,1,1,1,1,1,1,0,1,1,0,1,1,1,0,0,0,0,0,1,1,0,1,1,1,1,1,0,1,0,1,1,1,1,1,1,1
3805:1,1,0,0,0,1,1,1,1,1,1,1,0,1,1,1,0,0,1,1,0,1,1,1,0,1,0,1,0,1,1,1,0,1,0,1,0,1,1,1,0,0,0,1,0,1,1,1,1,1,1,1,0,1,1,1,1,1,1,0,1,1,1,1
3806:1,1,0,0,1,1,1,1,1,0,1,0,0,0,1,1,1,0,1,1,1,1,1,1,1,0,1,0,0,0,0,1,1,0,0,0,0,0,0,1,1,0,1,1,1,1,1,1,1,0,1,1,0,0,1,1,1,0,0,0,1,1,1,1
3807:0,0,0,0,0,1,0,1,0,1,1,1,0,0,1,1,0,1,1,0,0,1,1,1,0,1,1,1,1,1,1,1,0,1,1,0,0,1,1,1,0,1,1,1,0,0,1,1,0,1,1,1,0,0,0,1,1,0,0,0,0,1,1,1
3808:0,0,0,0,0,1,1,1,0,1,1,1,0,0,1,0,0,1,1,0,0,0,0,0,0,1,0,1,1,0,1,1,0,1,0,1,1,0,1,1,0,1,0,0,0,0,0,1,0,1,1,1,1,0,1,0,0,0,0,0,0,1,1,0
3809:1,1,1,0,0,1,1,1,1,1,1,0,1,0,1,1,1,1,1,0,1,0,1,1,1,0,0,0,0,0,0,1,0,0,1,1,1,0,1,1,1,0,1,1,1,0,1,1,1,1,1,1,1,0,1,1,1,1,1,0,0,0,1,1
3810:0,0,0,1,1,1,1,1,0,1,1,0,1,1,1,1,0,0,0,0,0,0,1,1,0,1,1,0,1,0,0,1,0,1,1,0,1,1,0,1,0,0,0,0,0,0,1,1,0,1,1,0,1,0,1,1,0,0,0,0,1,0,0,1
3811:0,0,1,1,1,1,1,1,0,0,0,1,1,1,1,1,1,1,1,1,1,0,1,1,0,0,0,1,0,0,1,1,0,0,0,0,0,0,0,1,0,1,0,1,0,1,1,0,0,1,0,1,1,0,0,1,0,0,1,1,1,1,1,1
3812:0,0,0,0,1,1,1,1,0,1,1,1,0,1,1,1,0,1,1,0,0,1,1,1,0,1,0,1,0,0,0,1,0,1,0,0,0,1,1,1,0,1,1,1,0,0,0,1,0,1,1,1,0,1,1,1,0,0,0,0,0,1,1,1
3813:0,0,0,0,1,1,1,1,0,1,1,0,1,0,1,1,0,1,1,1,1,0,1,1,0,1,0,0,0,0,1,1,0,1,0,0,0,0,0,1,0,1,1,1,1,0,1,1,0,1,1,1,1,0,1,1,0,0,0,0,1,0,1,1
3814:1,0,0,0,1,1,1,1,1,0,1,0,1,1,0,1,1,0,1,0,1,1,0,1,0,0,0,0,0,0,0,1,1,0,1,0,0,0,1,1,1,0,1,1,1,0,0,1,1,0,1,0,1,1,0,1,1,0,0,0,1,1,1,1
3815:0,0,0,0,1,1,1,1,0,0,0,0,1,1,1,1,0,1,1,1,0,1,1,1,0,1,0,0,0,0,0,1,0,1,1,1,1,1,0,0,0,1,1,1,1,1,0,1,0,1,1,1,1,1,1,0,0,0,0,0,1,1,0,1
3816:1,1,0,0,0,1,1,1,1,1,0,0,0,0,1,1,1,1,1,1,1,0,1,1,1,0,0,0,0,0,1,1,0,0,0,0,0,0,0,1,1,1,1,1,1,0,1,1,1,1,1,1,1,0,1,1,1,1,0,0,0,0,1,1
3817:0,0,1,1,1,0,1,1,0,1,0,1,1,0,0,1,0,1,0,1,1,1,1,1,0,0,0,0,1,0,0,1,0,1,0,1,0,0,1,1,0,1,0,1,1,1,1,1,0,1,0,1,0,1,1,1,0,0,0,1,0,0,0,1
3818:1,1,0,0,0,1,1,1,1,1,0,0,0,0,1,1,1,0,1,1,1,0,1,1,0,0,0,0,1,0,1,1,0,0,0,0,0,0,0,1,1,1,1,1,1,0,0,1,1,1,1,0,1,0,1,1,1,1,0,0,0,0,1,1
3819:1,1,0,0,0,1,1,1,1,1,0,0,0,0,1,1,1,1,1,1,1,0,1,1,1,0,0,0,0,0,0,1,1,0,0,0,0,0,1,1,1,1,1,1,1,0,1,1,1,1,1,1,1,0,1,1,1,1,0,0,0,0,1,1
3820:1,1,0,0,1,1,1,1,1,0,1,0,0,1,1,1,0,0,1,1,1,0,1,1,0,0,1,1,1,0,1,1,0,0,1,1,1,0,1,1,0,0,1,1,1,0,1,1,0,0,1,1,1,0,0,1,1,0,0,0,1,1,1,1
3821:0,0,0,0,0,1,1,1,0,1,1,1,0,1,1,1,0,1,1,1,0,0,1,1,0,1,1,1,0,0,1,1,0,1,1,1,0,0,1,1,0,1,1,1,0,0,1,1,0,1,1,1,1,1,1,1,0,0,0,0,0,1,1,1
3822:1,0,0,1,1,1,1,1,1,0,0,0,0,1,1,1,0,0,0,0,0,0,0,1,1,0,1,0,0,1,1,1,1,0,0,1,1,0,1,1,1,1,1,1,1,1,1,1,1,1,1,0,1,1,1,1,1,1,0,1,1,1,1,1
3823:1,0,0,1,1,1,1,1,0,1,1,0,1,1,1,1,0,1,1,0,0,0,1,1,0,1,1,0,0,0,1,1,0,1,1,0,0,0,1,1,0,1,1,0,0,0,1,1,0,1,1,0,1,1,1,1,0,0,0,0,1,0,0,1
3824:1,1,0,0,0,1,1,1,1,1,0,1,1,0,1,1,1,0,1,1,1,0,1,1,0,0,0,0,0,0,1,1,1,0,0,0,0,0,0,1,1,1,0,1,1,0,1,1,1,1,0,1,1,0,1,1,1,1,0,0,0,0,1,1
3825:0,0,0,1,1,1,1,1,0,0,0,0,1,1,1,1,0,1,1,1,1,1,1,1,0,0,0,0,0,0,1,1,0,0,0,0,0,0,1,1,0,0,1,1,1,1,1,1,0,0,1,0,1,1,1,1,0,0,0,0,1,0,0,1
3826:1,1,1,0,0,1,1,1,1,1,1,1,0,1,1,1,0,0,0,1,0,1,1,1,0,0,0,1,0,1,1,1,0,0,0,1,0,1,0,1,0,1,0,1,0,1,1,1,0,0,0,1,0,1,1,1,1,1,1,0,1,1,1,1
3827:1,0,0,1,1,1,1,1,1,0,0,1,1,1,1,1,1,1,1,0,1,0,1,1,0,0,0,0,0,0,1,1,0,0,0,0,0,0,0,0,1,1,1,0,1,1,0,1,1,1,1,1,1,1,1,1,1,0,0,1,1,1,1,1
3828:1,1,1,0,1,1,1,1,1,1,0,0,0,1,1,1,1,1,1,1,0,1,1,1,1,1,1,1,0,1,1,1,0,1,0,1,0,1,1,1,1,1,1,1,0,1,1,1,1,1,0,1,0,1,1,1,1,1,1,0,0,1,1,1
3829:1,1,0,1,1,1,1,1,1,0,1,0,1,1,0,1,1,0,1,0,1,0,1,1,1,0,1,0,1,0,1,1,1,0,0,0,0,0,1,1,1,0,1,0,1,0,1,1,1,0,1,0,1,1,0,1,1,0,0,0,1,0,1,1
3830:1,1,0,0,0,1,1,1,1,1,0,1,1,0,1,1,1,1,1,1,1,0,1,1,1,1,0,0,1,0,1,1,0,0,0,1,0,0,0,1,1,1,1,1,1,0,1,1,1,1,1,1,1,0,1,1,1,1,0,0,0,0,1,1
3831:1,0,0,1,1,0,1,1,0,0,0,0,1,1,0,1,0,0,0,0,1,1,0,1,0,0,0,0,1,1,0,1,0,0,1,0,1,1,0,1,0,0,0,1,1,0,1,1,1,0,1,1,1,1,1,1,1,1,0,0,0,0,0,1
3832:1,1,0,0,0,0,1,1,1,0,1,1,1,0,1,1,1,0,0,0,0,0,1,1,1,0,1,1,1,0,1,1,1,0,0,0,0,0,1,1,1,1,1,1,1,1,1,1,1,0,1,1,1,1,0,1,0,1,1,1,1,1,1,1
3833:1,0,0,1,1,1,1,1,0,0,0,0,1,0,1,1,0,1,1,0,1,0,1,1,0,0,0,0,1,0,1,1,0,0,0,0,1,0,0,1,0,1,1,0,1,1,0,1,0,1,0,0,1,1,0,1,0,0,0,0,1,1,1,1
3834:1,1,1,0,0,1,1,1,1,1,0,0,0,1,1,1,0,0,0,0,0,0,1,1,0,0,0,0,0,0,1,1,1,0,0,1,0,1,0,1,1,1,0,0,0,1,1,1,1,0,0,1,0,0,1,1,1,1,1,0,0,1,0,1
3835:1,0,1,1,1,1,1,1,0,1,0,1,0,0,1,1,0,1,1,1,1,0,1,1,0,1,0,0,0,0,0,1,0,1,0,0,0,0,0,1,0,1,0,1,1,0,1,1,0,1,0,1,0,0,1,1,0,0,0,1,1,1,1,1
3836:1,0,0,0,1,1,1,1,0,1,1,0,1,1,0,1,0,1,1,1,1,1,0,1,0,0,0,0,1,1,0,1,0,1,0,0,1,1,0,1,0,0,1,0,1,1,0,1,0,1,1,0,1,1,0,1,0,0,0,0,1,0,0,1
3837:1,0,0,1,1,1,1,1,0,0,0,0,0,0,0,1,0,1,0,1,1,0,0,1,0,0,0,1,1,0,1,1,0,0,0,1,1,0,1,1,0,0,0,1,1,0,1,1,0,0,0,1,1,1,0,1,0,0,0,1,0,1,0,1
3838:1,0,0,1,1,1,1,1,0,0,1,0,1,1,1,1,0,1,1,0,1,0,0,1,0,1,1,0,1,1,1,1,0,1,1,0,1,1,1,1,0,1,1,0,1,0,1,1,0,1,1,0,1,1,1,1,1,0,0,0,1,1,1,1
3839:1,1,0,0,1,1,1,1,1,0,1,0,1,1,0,1,1,0,1,1,1,1,0,1,0,0,1,1,0,0,1,1,1,0,1,1,0,0,1,1,1,0,1,1,1,0,1,1,1,0,1,1,1,1,0,1,1,0,0,0,1,1,1,1
3840:1,0,0,0,0,1,1,1,0,0,0,0,0,1,1,1,0,1,1,1,1,1,1,1,0,0,0,0,0,0,0,1,0,0,0,0,0,0,0,1,0,1,1,1,1,1,1,1,0,0,0,0,0,1,1,1,0,0,0,0,0,1,1,1
3841:1,1,0,0,1,1,1,1,1,0,0,0,0,1,1,1,0,0,0,0,0,1,1,1,1,0,0,0,0,1,1,1,0,0,0,0,0,0,1,1,1,0,0,0,0,0,1,1,1,0,1,1,1,0,1,1,1,0,0,0,0,1,0,1
3842:0,0,0,0,1,1,1,1,0,0,1,0,0,0,1,1,0,0,1,0,1,0,1,1,0,0,0,0,0,0,0,1,0,0,0,0,0,0,0,1,0,0,0,0,1,0,1,1,0,0,1,0,0,0,1,1,0,0,0,0,0,0,0,1
3843:1,1,0,0,0,1,1,1,1,1,0,1,0,0,1,1,1,0,0,1,1,0,1,1,0,1,0,1,1,0,0,0,0,1,0,1,1,0,1,0,0,0,0,1,1,0,0,1,1,1,0,1,1,0,1,1,1,1,0,0,0,0,1,1
3844:1,0,0,1,1,1,1,1,0,1,1,0,0,1,1,1,0,1,1,0,0,1,1,1,0,0,0,0,0,0,1,1,0,1,0,0,0,0,1,1,0,0,0,0,0,1,1,1,0,1,1,0,0,1,1,1,0,0,0,0,0,0,0,1
3845:0,0,0,1,1,1,1,1,0,1,0,0,1,1,0,1,0,1,0,1,1,0,1,1,0,1,0,1,0,0,1,1,0,1,0,1,0,0,1,1,0,1,0,1,1,1,1,1,0,1,1,1,1,0,1,1,0,0,0,1,1,1,0,1
3846:1,0,0,1,1,1,1,1,1,0,0,0,1,0,1,1,1,1,1,0,1,0,1,1,0,0,0,0,1,0,0,1,1,0,0,0,1,0,1,1,1,1,1,0,0,0,1,1,1,0,1,0,1,0,1,1,1,0,0,1,1,0,1,1
3847:0,0,0,0,1,1,0,1,0,0,0,0,0,1,0,1,0,1,1,0,1,1,0,1,0,0,0,0,1,1,0,1,0,0,0,0,1,1,0,1,0,0,0,0,1,1,0,1,0,0,0,0,1,1,0,1,0,0,0,0,1,0,0,1
3848:1,1,0,0,0,1,1,1,1,1,0,1,0,0,1,1,0,0,0,1,0,0,0,1,1,1,0,1,0,0,1,1,1,1,1,1,1,1,1,1,1,1,1,1,1,0,1,1,1,1,1,1,1,0,1,1,1,1,1,1,1,0,1,1
3849:1,1,1,1,1,1,0,1,1,1,1,1,1,0,1,1,0,0,0,0,0,0,1,1,0,1,0,1,0,0,0,1,0,0,0,0,0,1,1,1,0,1,0,1,0,1,1,1,0,1,0,1,0,1,1,1,1,0,1,0,1,1,1,1
3850:1,1,1,0,1,1,1,1,1,1,0,1,0,1,1,1,1,0,0,1,1,1,0,1,1,1,0,1,0,1,1,1,1,1,0,1,0,1,1,1,1,0,0,1,0,1,0,1,1,1,0,1,0,1,1,1,1,1,0,0,0,1,1,1
3851:0,0,1,1,0,1,1,1,0,0,0,1,1,0,1,1,0,0,0,1,1,0,0,1,0,0,0,0,0,0,0,1,0,0,0,1,0,1,0,1,0,0,0,1,1,0,1,1,0,0,0,1,1,0,1,1,0,0,0,1,0,1,1,1
3852:0,0,0,1,1,1,1,1,0,1,1,0,1,1,1,1,0,1,0,0,1,0,0,1,0,1,0,0,1,1,1,1,0,1,0,0,1,1,1,1,0,1,1,0,1,0,0,1,0,1,1,0,1,1,1,1,0,0,0,0,1,1,1,1
3853:1,1,0,1,1,1,1,1,1,0,0,0,0,0,1,1,0,0,0,0,0,0,0,1,1,0,0,0,1,0,1,1,1,0,0,0,1,0,1,1,1,1,1,0,0,1,0,1,1,1,1,1,1,1,1,1,1,1,1,1,1,1,1,1
3854:1,0,0,1,1,1,1,1,1,0,0,0,0,0,1,1,0,0,0,0,0,0,0,1,1,0,0,1,1,0,0,1,1,1,0,0,0,1,1,1,1,1,1,1,0,1,1,1,1,1,1,1,0,1,1,1,1,1,1,0,0,0,1,1
3855:1,0,0,1,1,1,1,1,0,0,0,0,0,1,1,1,0,1,1,1,0,1,1,1,0,0,0,0,0,1,1,1,0,0,0,0,0,0,1,1,0,1,1,0,0,1,1,1,0,1,0,0,0,1,1,1,0,0,0,0,0,0,0,1
3856:0,0,0,0,1,1,0,1,0,0,0,0,0,1,0,0,0,0,0,0,0,1,0,1,0,1,0,1,1,1,0,1,0,1,0,1,0,1,0,1,0,0,0,0,0,1,1,1,0,0,0,0,0,1,0,1,0,0,0,0,0,0,0,1
3857:0,0,0,0,1,1,1,1,0,0,0,0,0,0,1,1,0,0,0,0,0,0,1,1,0,1,0,1,0,0,1,1,0,1,0,1,0,0,1,1,0,0,0,0,0,0,1,1,0,0,0,0,0,0,1,1,0,0,0,0,0,0,0,1
3858:0,0,0,1,1,1,1,1,0,0,0,1,1,0,1,1,0,1,0,1,1,0,1,1,0,0,0,0,0,1,0,1,0,0,0,0,0,1,0,1,0,0,0,1,0,1,1,1,0,0,0,1,1,0,1,1,0,0,0,1,1,1,1,1
3859:1,1,1,1,1,1,1,1,1,1,1,1,0,0,1,1,0,1,0,1,0,1,1,1,0,1,0,1,0,0,1,1,0,0,0,1,0,0,0,1,0,1,0,1,1,1,1,1,0,0,0,1,1,1,1,1,1,1,1,1,1,1,1,1
3860:1,0,0,1,1,1,1,1,1,0,1,0,1,0,1,1,1,0,0,0,1,1,1,1,1,1,1,0,1,0,1,1,1,0,0,0,1,1,1,1,1,1,1,1,1,0,1,1,1,1,0,1,1,1,1,1,1,0,1,1,1,1,1,1
3861:1,0,0,1,1,1,1,1,1,0,0,0,1,0,1,1,1,1,1,0,0,0,1,1,0,0,0,0,1,0,0,1,0,0,0,0,1,0,0,1,1,1,1,0,1,0,1,1,1,1,1,0,1,0,1,1,1,0,0,1,1,0,0,1
3862:0,0,0,0,1,1,1,1,0,1,1,0,0,0,1,1,0,1,1,1,0,0,1,1,0,1,1,1,0,0,1,1,0,1,1,1,0,0,1,1,0,1,1,1,0,0,1,1,0,1,1,1,0,0,1,1,0,0,0,0,0,0,0,1
3863:1,0,0,1,1,1,1,1,0,0,0,0,1,0,1,1,0,0,0,0,1,0,1,1,0,0,0,0,1,0,1,1,0,0,0,0,1,0,0,1,0,0,0,0,1,1,0,1,0,1,0,0,1,1,0,1,0,0,0,0,1,1,1,1
3864:1,1,0,0,0,1,1,1,1,1,0,0,0,1,1,1,1,1,0,1,1,1,1,1,1,1,0,0,0,1,1,1,1,1,0,0,0,1,1,1,1,1,0,1,1,1,1,1,1,1,0,0,0,1,1,1,1,1,0,0,0,1,1,1
3865:0,0,0,1,1,1,1,1,0,1,0,0,1,1,1,1,0,1,0,0,1,0,0,1,0,0,0,0,1,1,1,1,0,1,0,0,1,0,0,1,0,0,0,0,1,1,1,1,0,1,1,0,1,0,0,1,0,0,0,0,1,1,1,1
3866:1,0,0,0,1,1,1,1,1,0,0,0,0,1,1,1,1,0,0,0,0,1,1,1,0,0,0,0,0,0,0,1,1,0,0,0,0,1,1,1,1,0,0,0,1,1,1,1,1,1,0,0,0,1,1,1,0,0,1,1,1,0,0,1
3867:1,0,0,1,1,0,0,1,0,0,0,0,0,0,0,1,0,0,0,0,0,0,0,1,1,0,1,1,1,0,1,1,1,0,0,0,0,0,0,1,1,1,1,0,1,1,1,1,1,1,1,0,1,1,1,1,1,1,1,1,1,1,1,1
3868:0,0,0,1,0,1,1,1,0,1,0,0,1,0,1,1,0,1,1,1,1,0,1,1,0,1,0,1,1,0,0,0,0,1,0,1,1,0,1,0,0,1,0,1,1,0,0,1,0,1,1,1,1,0,1,1,0,0,0,1,1,0,0,1
3869:0,0,0,0,0,1,1,1,1,0,1,0,1,1,0,1,1,0,0,0,1,0,1,1,0,0,0,0,0,0,0,1,1,0,0,1,0,1,1,0,1,0,1,0,1,1,1,1,0,0,1,0,1,0,0,1,1,1,1,0,1,1,1,1
3870:1,1,1,1,1,1,1,1,1,0,1,0,0,0,0,1,1,1,0,0,1,1,0,1,1,1,0,1,0,0,1,1,1,0,1,1,0,0,1,1,1,1,1,1,0,0,1,1,1,1,1,0,1,1,0,1,1,1,1,0,0,0,0,1
3871:0,0,0,0,1,1,1,1,0,1,0,1,1,1,1,1,1,0,0,1,1,1,1,1,1,0,1,0,0,0,0,1,1,0,1,1,1,1,1,1,1,1,0,1,1,1,1,1,0,1,0,1,1,1,1,1,1,1,0,1,1,1,1,1
3872:1,0,0,1,1,1,1,1,0,0,1,0,0,1,1,1,1,0,1,1,1,1,1,1,1,0,0,1,1,1,1,1,1,0,0,1,0,1,1,1,1,0,0,1,1,1,1,1,0,1,1,1,1,1,1,1,0,0,0,0,1,0,0,1
3873:0,0,0,0,0,0,0,1,1,0,0,1,1,0,1,1,1,1,1,0,0,1,1,1,1,1,0,0,0,1,1,1,1,0,1,1,1,0,0,1,0,0,0,0,0,0,0,1,1,1,1,0,0,1,1,1,1,1,1,1,1,1,1,1
3874:1,1,0,0,0,1,1,1,1,1,0,1,0,1,1,1,1,1,0,0,0,1,1,1,0,0,1,0,0,0,0,1,1,1,0,0,1,1,1,1,0,0,0,0,0,0,0,1,1,1,0,1,0,1,1,1,1,1,0,0,0,1,1,1
3875:1,1,0,0,0,0,1,1,1,1,0,1,1,0,1,1,1,1,1,0,0,1,1,1,0,0,1,0,1,0,0,1,1,1,1,0,0,1,1,1,1,1,0,1,0,1,1,1,1,1,0,1,0,0,1,1,1,1,1,1,0,1,1,1
3876:1,1,0,0,0,0,1,1,1,1,0,1,1,1,1,1,0,0,1,0,0,1,0,1,1,0,1,0,1,0,1,1,0,0,1,0,1,1,0,1,1,1,1,1,0,1,1,1,1,1,0,1,0,1,1,1,1,1,1,0,0,1,1,1
3877:0,0,0,0,1,1,1,1,0,1,0,1,0,0,1,1,1,0,0,1,0,0,1,1,1,0,1,1,0,0,0,1,1,0,1,1,0,0,1,1,0,1,0,1,0,0,1,1,0,1,0,1,0,0,1,1,1,1,1,1,1,1,1,1
3878:1,0,0,1,1,1,1,1,0,0,1,0,1,1,1,1,1,0,0,1,1,1,1,1,1,0,0,1,1,1,1,1,1,0,0,1,1,1,1,1,1,0,0,1,1,1,1,1,0,1,1,1,1,1,1,1,0,0,0,0,1,0,0,1
3879:1,1,0,1,1,0,1,1,1,1,0,1,1,0,1,1,1,1,0,1,0,1,1,1,1,1,1,0,0,1,1,1,0,0,0,0,0,0,0,1,1,1,1,1,0,1,1,1,1,1,0,1,1,0,1,1,1,1,0,0,0,0,1,1
3880:1,0,0,0,0,0,0,1,1,0,1,1,1,0,1,1,1,1,0,1,0,1,1,1,0,0,0,0,0,0,0,1,1,1,0,0,0,1,1,1,1,1,0,1,1,0,1,1,1,0,1,1,1,0,0,1,1,1,1,1,1,1,1,1
3881:1,1,0,0,0,0,1,1,1,1,0,1,1,1,1,1,1,0,0,0,0,0,1,1,1,1,0,0,0,1,1,1,1,0,0,0,0,0,0,1,1,1,1,1,0,1,1,1,1,1,0,1,0,1,1,1,1,1,1,1,0,1,1,1
3882:0,0,0,0,1,1,1,1,0,1,1,1,0,1,1,1,1,0,0,1,0,1,1,1,0,0,0,0,0,0,0,1,1,0,0,1,0,0,1,1,1,1,0,1,0,1,1,1,0,1,0,1,0,0,1,1,1,1,0,1,1,1,1,1
3883:1,1,0,0,0,1,1,1,1,1,0,1,0,1,1,1,1,0,0,0,0,0,0,1,0,1,1,0,1,1,1,1,1,0,0,0,0,1,1,1,0,1,0,1,0,1,1,1,1,1,0,1,0,1,1,1,1,1,1,1,1,1,1,1
3884:1,1,0,0,0,0,1,1,1,1,0,1,0,0,1,1,1,0,1,0,1,0,1,1,0,0,0,0,0,0,0,1,1,0,1,0,1,1,1,1,1,0,0,1,1,0,1,1,1,1,0,1,0,1,1,1,1,1,1,0,0,1,1,1
3885:1,1,0,0,0,0,1,1,1,1,0,1,1,1,1,1,1,1,1,0,0,1,1,1,0,1,1,0,1,1,0,1,0,1,1,0,1,1,0,1,1,1,0,1,0,1,1,1,1,1,0,1,0,0,1,1,1,1,1,1,0,1,1,1
3886:0,0,1,1,1,1,0,1,1,0,0,0,0,0,1,1,1,0,0,1,0,0,0,1,1,0,1,0,0,1,0,1,1,1,1,0,1,1,1,1,1,1,1,1,0,1,1,1,1,1,0,1,0,0,1,1,1,1,1,1,0,1,1,1
3887:1,1,0,0,0,1,1,1,1,1,0,1,0,1,1,1,1,0,0,0,1,0,1,1,0,0,0,0,0,0,0,1,1,0,1,0,1,0,0,0,1,1,0,1,0,1,1,1,1,1,0,1,0,1,1,1,1,1,1,1,1,1,1,1
3888:1,1,0,1,0,1,1,1,0,0,0,0,0,1,0,1,0,0,1,0,1,1,0,1,1,1,0,0,0,1,1,1,1,1,0,0,0,1,1,1,1,1,1,0,0,1,1,1,1,1,1,0,1,1,1,1,1,1,1,0,1,1,1,1
3889:0,1,1,1,1,1,1,1,0,0,1,1,1,1,0,0,0,1,0,1,1,0,1,0,0,1,1,0,0,1,1,0,0,1,0,0,0,1,1,0,0,0,1,1,1,0,0,0,0,1,1,1,1,1,0,0,1,1,1,1,1,1,1,1
3890:1,1,1,1,1,1,1,1,1,1,1,1,0,1,1,1,0,1,1,0,0,1,1,1,0,0,0,0,0,1,1,1,1,0,0,1,0,1,1,1,0,0,0,0,0,1,1,1,0,1,1,0,0,1,1,1,1,1,1,1,1,0,0,1
3891:1,1,1,1,1,1,1,1,1,1,1,0,1,1,1,1,0,0,1,1,1,1,0,0,0,1,0,1,0,0,1,0,0,1,1,0,0,1,1,0,0,0,0,1,1,0,0,0,0,1,1,1,1,1,0,0,1,1,1,1,1,1,1,1
3892:1,1,1,1,1,1,1,1,1,0,1,1,1,0,1,1,1,0,0,1,1,0,1,1,1,0,0,0,0,0,0,1,0,0,0,0,0,0,0,1,1,0,0,1,0,0,1,1,1,0,1,1,1,0,1,1,1,0,1,1,1,0,1,1
3893:0,1,1,1,1,1,1,1,0,0,1,1,1,1,0,0,0,1,0,1,1,0,1,0,0,1,0,0,0,0,0,0,0,1,0,0,0,1,1,0,0,0,1,1,1,0,0,0,0,1,1,1,1,1,0,0,1,1,1,1,1,1,1,1
3894:1,1,1,0,0,1,1,1,0,1,1,1,0,1,0,0,0,0,0,1,0,0,0,0,0,1,1,0,0,1,1,0,0,1,0,0,0,1,1,0,0,0,1,0,1,1,0,0,1,1,1,1,1,1,1,1,1,1,0,0,0,1,1,1
3895:1,1,0,0,1,0,1,1,1,1,1,1,0,1,1,1,0,0,1,1,1,1,0,0,0,1,0,1,0,0,1,0,0,1,1,0,0,1,1,0,0,1,0,1,0,0,1,0,0,0,1,1,1,0,0,0,1,1,1,1,1,1,1,1
3896:1,1,1,1,1,1,1,1,0,0,1,1,1,0,0,0,1,1,0,0,0,1,1,0,0,0,0,1,1,0,0,0,0,1,1,0,0,1,1,1,1,1,1,1,0,1,1,1,1,1,1,1,0,1,1,1,1,1,1,1,1,1,1,1
3897:1,1,1,1,1,1,1,1,0,0,1,1,1,0,0,0,1,1,0,0,0,1,1,0,0,0,0,1,1,0,0,0,0,1,1,0,1,1,1,1,1,1,1,0,1,1,1,1,1,1,1,0,1,1,1,1,1,1,1,0,0,0,1,1
3898:1,1,1,1,1,1,1,1,0,0,1,1,1,0,0,0,1,1,0,0,0,1,1,0,0,0,1,1,1,0,0,0,0,1,1,0,1,1,1,1,1,1,1,0,0,1,1,1,1,1,1,0,1,1,1,1,1,1,1,0,0,1,1,1
3899:1,1,1,1,1,1,1,1,0,0,1,1,1,0,0,0,0,1,0,0,0,1,1,0,0,1,0,1,0,0,1,0,0,1,1,1,1,1,0,0,1,1,0,0,0,1,1,1,1,1,1,1,0,1,1,1,1,1,1,1,0,1,1,1
3900:1,1,1,1,1,1,1,1,0,0,1,1,1,1,0,0,0,1,0,1,0,1,1,0,0,1,1,0,0,0,1,0,0,0,0,1,1,0,0,0,0,1,1,1,1,0,0,1,1,1,1,1,1,0,1,1,1,1,1,1,1,0,1,1
3901:1,1,0,0,1,1,1,1,1,1,1,0,1,1,1,1,0,0,1,1,1,1,0,0,0,1,0,0,0,1,1,0,0,1,0,0,0,1,1,0,0,0,1,1,1,1,0,1,1,1,1,0,1,1,1,1,1,1,1,1,1,1,1,1
3902:1,1,1,1,1,1,1,1,0,1,1,1,0,1,0,1,0,0,0,1,0,0,0,0,1,1,0,0,0,1,1,0,0,0,0,0,1,0,0,0,1,1,1,0,0,0,1,1,1,1,1,1,1,0,1,1,1,1,1,1,1,1,1,1
3903:1,1,1,1,1,1,1,1,1,1,0,1,1,1,1,1,0,1,1,0,1,1,0,1,0,1,0,0,0,0,1,0,0,1,0,0,0,1,1,0,0,0,1,0,1,1,0,0,1,1,1,0,1,1,1,1,1,1,0,1,1,1,1,1
3904:1,1,1,1,1,1,1,1,1,0,1,1,1,0,1,1,1,0,0,1,1,0,1,1,1,0,0,0,0,1,1,1,0,0,0,0,0,0,0,1,1,0,0,1,0,0,1,1,1,0,1,1,1,0,1,1,1,0,1,1,1,0,1,1
3905:1,1,1,1,1,1,1,1,0,0,1,1,1,0,0,0,1,1,0,0,0,1,1,0,0,0,0,1,1,0,0,0,0,1,1,1,1,1,1,1,1,1,1,1,1,0,1,1,1,1,1,1,1,0,1,1,1,1,0,1,1,0,0,1
3906:1,1,1,0,1,1,1,1,1,1,0,1,0,1,1,1,1,1,0,1,1,1,1,1,1,1,0,0,0,1,1,1,0,0,0,1,1,0,0,0,0,1,0,0,0,1,1,0,0,1,0,0,0,1,1,0,0,0,1,1,1,1,0,0
3907:1,1,1,1,1,1,1,1,0,0,1,1,1,0,0,0,1,1,0,0,0,1,1,0,0,0,0,1,1,0,0,0,1,1,1,1,1,1,1,1,1,0,0,1,0,0,1,1,1,1,1,0,1,0,0,1,1,1,1,1,1,1,1,1
3908:1,1,1,1,1,0,1,1,1,1,1,1,1,1,0,1,0,1,1,0,1,1,0,1,0,0,0,0,1,1,0,1,1,0,0,0,1,1,0,1,0,0,0,0,1,1,1,0,0,1,1,0,1,1,0,1,1,1,1,1,1,0,1,1
3909:1,1,1,1,1,1,1,1,1,1,1,0,0,1,1,1,0,0,1,0,1,0,0,0,0,1,0,0,0,1,1,0,0,1,0,0,0,1,1,0,0,1,1,0,1,1,0,1,1,1,1,0,1,1,1,1,1,1,1,0,1,1,1,1
3910:1,1,1,1,1,1,1,1,1,1,1,0,1,1,1,1,0,0,1,0,1,1,0,0,0,1,0,0,0,1,1,0,0,1,0,0,0,1,1,0,0,0,1,0,1,1,0,0,1,1,1,0,1,1,1,1,1,0,0,0,0,0,1,1
3911:1,1,1,0,0,1,1,1,0,0,1,1,0,1,0,0,0,1,0,0,0,1,1,0,0,1,0,0,0,1,1,0,0,1,0,1,0,1,0,0,1,1,0,1,1,0,1,1,1,1,0,1,1,0,1,1,1,1,0,1,1,0,1,1
3912:1,1,1,0,1,1,1,1,1,1,0,1,0,1,1,1,0,0,0,1,0,0,0,0,0,1,0,0,0,1,1,0,0,1,0,0,0,0,1,0,0,1,0,1,0,1,0,1,1,1,0,1,0,1,1,1,1,1,0,1,0,0,1,1
3913:1,1,1,1,1,0,1,1,0,1,1,0,1,1,0,1,0,0,0,0,1,1,0,1,0,1,0,0,1,1,0,1,1,1,1,1,1,1,0,1,0,1,1,0,1,1,1,0,0,1,1,0,1,1,0,1,1,0,0,1,1,0,1,1
3914:1,1,1,1,1,1,1,1,0,0,1,1,1,0,0,0,1,1,0,0,0,1,1,0,0,0,1,1,1,0,0,0,0,1,1,1,1,1,0,1,1,1,0,1,1,0,1,1,1,1,0,1,1,0,1,1,1,1,0,1,1,0,1,1
3915:1,1,1,0,1,1,1,1,1,1,1,1,0,1,1,1,0,1,1,0,1,1,0,1,0,1,0,0,0,0,0,0,0,1,0,0,0,1,1,0,0,0,1,1,1,1,0,0,1,1,1,1,0,1,1,1,1,1,1,0,0,1,1,1
3916:1,1,1,1,1,1,1,1,0,0,1,1,1,0,0,0,0,1,0,0,0,1,1,0,0,0,0,0,0,0,1,0,0,0,1,1,1,0,0,0,1,0,1,1,1,0,0,1,1,0,1,1,1,0,1,1,1,0,1,1,1,0,0,1
3917:1,1,1,1,1,1,1,1,0,0,1,1,1,0,0,0,1,1,0,0,0,1,1,0,0,0,0,1,1,0,0,0,0,1,1,1,1,1,1,1,1,1,0,1,0,1,1,1,1,1,0,1,0,1,1,1,1,1,0,1,0,0,1,1
3918:1,1,1,1,1,1,1,1,0,0,1,1,1,0,0,0,1,1,0,0,0,1,1,0,0,0,0,1,1,0,0,0,0,1,1,1,1,1,1,1,1,1,1,0,0,1,1,1,1,1,1,0,1,1,1,1,1,1,1,0,0,0,1,1
3919:0,0,1,1,1,1,0,0,0,1,0,0,0,0,0,0,0,1,0,0,0,0,0,0,0,0,1,1,1,1,0,0,1,1,1,0,0,1,1,1,1,0,1,0,1,0,0,1,1,0,1,0,1,1,1,1,1,1,1,1,1,1,1,1
3920:1,1,1,1,1,1,1,1,0,0,0,1,1,0,0,0,1,1,0,0,0,1,1,0,0,0,0,1,1,0,0,0,1,1,1,1,1,1,1,1,1,0,0,0,0,0,1,1,0,1,0,1,1,0,1,1,1,1,1,0,0,1,1,1
3921:1,1,1,1,1,1,1,1,0,0,1,1,1,0,0,0,1,1,0,0,0,1,1,0,0,0,0,1,1,0,0,0,0,1,1,1,0,1,1,1,1,1,1,0,0,1,1,1,1,0,0,0,0,0,0,1,1,1,1,1,1,1,1,1
3922:1,1,1,1,1,1,1,1,0,0,0,1,1,0,0,0,1,1,0,0,0,1,1,0,0,0,0,1,1,0,0,0,0,1,1,0,0,1,1,1,1,1,0,0,0,1,1,1,0,0,0,1,0,0,0,1,1,1,0,0,0,1,1,1
3923:1,1,1,1,1,1,1,1,0,1,1,0,1,1,0,1,0,1,0,0,0,0,1,0,0,1,0,0,0,1,1,0,0,0,1,0,1,1,0,0,1,0,0,0,0,0,1,1,1,1,0,1,1,0,1,1,1,1,1,0,0,0,1,1
3924:1,1,1,1,1,1,1,1,1,1,0,1,1,1,0,1,0,0,0,0,1,1,0,1,0,0,0,0,1,1,0,1,1,0,0,1,1,1,0,1,0,0,0,0,1,1,1,0,0,1,0,0,1,1,0,1,1,1,1,1,1,0,0,1
3925:1,1,1,0,0,1,1,1,1,1,0,1,0,1,1,1,0,1,0,1,1,0,0,1,0,1,0,1,0,0,0,0,0,1,0,0,0,1,1,0,0,0,0,1,1,0,0,0,1,1,0,1,1,1,1,1,1,1,0,0,0,1,1,1
3926:1,1,1,0,1,1,1,1,1,1,0,1,0,1,1,1,0,1,1,1,1,0,0,1,0,1,0,0,0,0,1,0,0,1,0,0,0,1,1,0,0,0,1,1,1,0,0,0,1,1,0,1,1,1,1,1,1,1,1,0,0,1,1,1
3927:1,1,0,1,1,1,1,1,1,0,0,0,1,0,1,1,1,0,1,0,1,1,0,1,1,0,1,0,1,1,1,1,0,0,1,0,1,1,0,0,0,1,0,0,0,1,1,0,0,1,0,0,0,1,1,0,0,0,1,1,1,1,0,0
3928:1,1,1,1,1,1,1,1,0,0,1,1,1,0,0,0,1,1,0,0,0,1,1,0,0,0,0,1,1,0,0,0,0,1,1,1,1,1,1,1,1,1,1,1,1,1,1,1,1,0,0,0,0,0,0,1,1,1,1,1,1,1,1,1
3929:1,1,1,0,1,1,1,1,0,0,1,0,1,1,0,1,0,1,0,0,0,1,1,1,0,1,0,0,0,1,1,1,0,0,1,0,1,1,0,1,1,1,0,1,0,0,1,1,0,0,1,1,1,0,0,1,1,1,0,0,0,1,1,1
3930:1,1,1,1,1,1,1,1,0,0,0,1,1,0,0,0,1,1,0,0,0,1,1,0,0,0,0,1,1,0,0,0,0,0,1,1,1,1,1,1,1,0,0,0,0,1,1,1,1,1,0,0,0,0,0,1,1,1,1,1,0,1,1,1
3931:1,1,1,1,1,1,1,1,1,1,1,0,1,1,1,1,0,0,1,0,1,0,0,0,1,1,0,0,0,1,1,0,0,0,1,0,1,1,0,0,0,1,1,0,1,1,0,1,1,1,1,0,0,1,1,1,0,0,0,0,0,0,0,1
3932:1,1,0,0,0,1,1,1,0,0,0,1,1,0,0,0,1,1,0,0,0,0,1,0,0,0,0,1,0,0,1,0,0,0,0,1,1,0,0,1,1,1,0,0,0,1,1,1,1,1,0,0,0,1,1,1,1,1,0,0,0,1,1,1
3933:1,1,1,1,1,1,1,1,0,0,1,1,1,0,0,0,1,1,0,0,0,1,1,0,0,0,0,1,1,0,0,0,0,1,1,1,1,1,1,1,1,1,0,0,0,1,1,1,1,0,0,1,1,0,1,1,1,0,0,0,0,0,1,1
3934:1,1,1,1,1,1,1,1,1,1,1,0,0,0,1,1,1,1,1,1,1,1,0,1,0,0,0,0,0,0,0,1,0,1,0,0,0,1,1,1,0,0,1,0,0,0,0,1,1,0,1,0,0,1,0,1,0,0,1,1,0,0,0,1
3935:1,1,1,1,1,1,1,1,0,0,1,1,1,0,0,0,1,1,0,0,0,1,1,0,0,0,1,1,1,0,0,0,0,1,1,1,1,1,1,1,1,0,1,1,1,0,1,1,1,0,1,1,1,1,0,1,1,1,0,1,1,0,1,1
3936:0,1,1,1,1,1,1,1,0,0,0,1,1,0,0,0,1,1,0,0,0,1,1,0,0,0,0,1,1,0,0,0,0,0,1,1,1,1,1,1,1,0,0,0,0,0,1,1,1,0,0,0,0,0,1,1,1,0,0,0,1,0,1,1
3937:1,1,1,1,1,1,1,1,0,0,1,1,1,0,0,0,1,1,0,0,0,1,1,0,0,0,0,1,1,0,0,0,0,1,1,1,1,1,0,1,0,1,1,0,1,0,1,1,0,1,0,0,1,0,0,1,1,0,0,1,1,0,0,1
3938:1,1,1,1,1,1,1,1,0,0,1,1,1,0,0,0,0,1,0,0,0,0,1,0,0,0,0,1,1,0,0,0,0,1,1,1,1,1,1,1,1,0,1,0,1,1,0,1,1,0,0,1,0,0,1,1,1,1,0,1,1,0,1,1
3939:1,1,1,1,1,1,1,1,0,1,1,1,1,1,0,1,0,0,0,0,0,0,0,0,0,1,0,0,0,1,1,0,0,0,1,0,0,1,0,0,1,1,1,0,0,0,1,1,1,0,1,0,1,1,1,1,1,1,1,1,0,0,1,1
3940:1,1,1,1,1,1,1,1,1,1,1,0,0,1,1,1,1,1,0,0,0,0,1,1,1,0,1,0,1,0,0,1,0,0,0,0,0,0,0,1,1,1,1,0,1,1,1,1,1,1,1,0,1,1,1,1,1,1,1,0,1,1,1,1
3941:0,0,0,0,0,0,0,0,0,1,0,1,0,1,0,1,1,0,1,0,0,1,0,1,1,0,1,0,1,0,1,1,1,1,0,1,1,0,1,1,1,1,0,0,0,1,1,1,1,1,1,0,0,1,1,1,1,1,1,1,1,1,1,1
3942:0,0,0,0,0,0,0,1,0,0,1,1,1,1,0,1,1,0,1,0,1,1,0,1,1,0,1,1,1,0,1,1,1,1,0,1,1,0,1,1,1,1,0,0,0,1,1,1,1,1,1,0,0,1,1,1,1,1,1,1,1,1,1,1
3943:1,0,0,0,0,0,1,1,1,0,1,1,1,0,1,1,0,0,0,0,0,0,0,1,1,1,0,1,0,1,1,1,1,1,0,1,0,1,1,1,1,1,1,0,0,1,1,1,1,1,1,0,1,1,1,1,1,1,1,1,1,1,1,1
3944:1,1,1,1,1,1,1,1,1,1,0,1,1,1,0,0,1,0,0,1,1,0,0,0,0,1,1,1,1,0,1,0,0,1,1,1,0,1,1,0,1,0,1,1,1,0,1,0,1,1,0,1,1,1,0,0,1,1,0,1,1,1,1,0
3945:1,1,1,1,1,1,1,1,1,1,0,0,1,1,1,1,1,0,1,0,1,1,1,1,0,1,1,0,1,1,0,0,0,1,1,0,1,1,1,0,1,0,1,0,0,0,0,1,1,1,0,0,1,1,1,1,1,1,1,0,1,1,1,1
3946:1,1,1,1,1,1,1,1,1,1,0,0,0,1,1,1,1,0,1,1,1,0,1,1,0,0,0,0,0,0,0,1,1,1,0,1,1,1,1,1,1,1,0,1,1,1,1,1,1,1,0,1,1,1,1,1,1,1,0,1,1,1,1,1
3947:1,1,1,0,1,1,1,1,0,1,0,1,0,1,1,1,0,0,1,1,0,1,1,1,0,1,0,1,0,1,0,1,0,1,0,1,0,1,1,0,0,0,1,1,1,1,1,0,0,1,1,1,0,1,1,0,1,1,1,0,1,1,1,1
3948:1,1,1,1,1,1,1,1,0,1,1,1,0,1,1,1,0,0,1,1,0,1,1,1,0,1,0,1,0,0,1,1,0,0,0,0,0,0,1,1,0,1,0,1,0,1,1,1,0,0,1,1,0,1,1,1,1,1,1,1,0,0,0,1
3949:1,1,0,0,0,0,1,1,1,1,0,1,0,0,1,1,1,1,1,0,0,1,1,1,1,1,1,1,1,1,1,1,1,1,0,0,0,0,1,1,1,0,1,0,1,0,0,1,1,0,1,0,0,0,0,1,1,1,0,0,0,0,1,1
3950:1,1,1,1,1,1,1,1,1,1,1,0,0,1,1,1,1,0,0,0,0,0,1,1,1,1,0,0,0,1,1,1,1,0,0,0,0,0,0,1,1,1,1,1,1,1,0,1,1,1,1,1,1,1,0,1,1,0,0,0,0,0,0,1
3951:1,1,1,1,1,0,0,1,0,1,0,1,1,1,0,0,0,0,0,0,1,1,1,0,0,0,0,0,1,1,0,1,0,1,0,1,0,1,0,1,0,0,0,0,1,1,1,0,0,1,0,1,1,1,0,1,1,1,1,1,1,0,1,1
3952:1,0,0,0,0,0,1,1,1,1,0,0,0,0,1,1,1,1,1,0,0,1,1,1,1,1,1,0,1,1,1,1,1,0,0,1,1,0,0,1,1,1,0,1,1,0,1,1,1,1,1,0,0,1,1,1,1,1,1,1,1,1,1,1
3953:1,1,1,0,1,1,1,1,1,1,1,0,0,1,1,1,1,0,0,1,0,0,0,1,1,0,0,1,1,0,1,1,1,0,1,1,1,0,1,1,1,0,1,1,1,1,0,1,0,0,1,1,1,1,0,1,1,0,0,0,0,0,1,1
3954:1,1,1,1,1,1,1,1,0,0,1,1,0,1,1,1,0,0,1,1,0,0,1,1,0,0,0,1,0,0,0,1,0,1,0,1,0,1,0,1,0,1,1,1,0,1,1,1,0,0,1,1,0,0,1,1,0,1,1,1,0,1,1,1
3955:0,0,0,1,0,0,0,1,0,0,0,1,0,0,0,1,1,0,1,1,1,0,1,1,1,1,1,1,1,1,1,1,0,0,0,0,0,0,0,1,1,1,0,0,1,1,1,1,1,1,1,1,1,0,1,1,1,1,1,1,1,0,0,1
3956:1,1,0,0,0,1,1,1,1,1,1,0,1,1,1,1,0,0,0,1,0,0,0,1,1,0,1,1,1,0,1,1,0,0,0,0,1,1,0,1,1,1,1,0,0,1,1,1,1,1,0,1,0,1,1,1,1,1,1,1,1,1,1,1
3957:1,1,1,1,1,1,1,1,1,0,1,1,1,1,1,1,1,0,0,0,0,1,1,1,1,1,1,1,0,1,1,1,1,1,1,0,0,1,1,1,1,1,0,1,1,0,1,1,1,0,1,1,1,1,0,1,0,0,0,0,0,0,0,1
3958:1,1,0,0,0,1,1,1,1,1,1,0,0,1,1,1,1,1,1,0,0,1,1,1,1,0,1,1,1,0,1,1,0,0,1,0,1,1,0,1,1,1,1,0,0,1,1,1,1,1,1,0,1,1,1,1,1,1,1,0,1,1,1,1
3959:1,1,0,0,0,1,1,1,1,1,1,1,0,1,1,1,1,1,1,0,1,1,1,1,1,1,1,0,0,1,1,1,1,1,0,0,1,0,1,1,1,0,0,0,1,0,1,1,0,0,0,1,0,1,0,1,0,0,0,0,0,0,0,1
3960:1,1,0,0,0,1,1,1,1,1,1,1,0,1,1,1,1,1,1,1,1,1,1,1,0,0,0,0,0,0,0,1,1,1,0,1,0,1,1,1,1,1,0,1,1,0,1,1,1,0,1,1,1,1,0,1,1,0,0,0,0,0,0,1
3961:1,1,0,0,1,1,1,1,1,1,1,0,1,1,1,1,1,1,1,0,0,1,1,1,1,1,0,1,0,1,1,1,1,0,0,0,1,0,1,1,1,0,0,0,0,0,0,1,1,1,1,0,0,1,1,1,1,1,0,0,0,1,1,1
3962:1,1,0,1,1,1,1,1,1,1,0,1,1,1,1,1,1,1,0,0,1,1,1,1,1,0,0,1,1,0,0,1,1,1,0,1,1,0,0,1,1,0,1,0,1,1,0,1,1,1,1,0,1,1,0,1,0,0,0,0,1,0,0,1
3963:1,1,0,0,0,1,1,1,1,1,1,0,0,1,1,1,1,1,1,0,0,1,1,1,1,0,1,1,1,0,1,1,0,0,0,0,0,0,0,1,1,1,0,0,0,1,1,1,1,1,1,1,0,1,1,1,1,1,1,1,0,1,1,1
3964:1,1,1,1,1,1,1,1,1,0,0,0,0,1,1,1,1,1,0,0,0,1,1,1,1,0,0,1,1,0,1,1,0,0,0,0,0,0,0,1,1,1,1,0,1,1,1,1,1,0,1,0,1,0,1,1,1,1,1,0,1,1,1,1
3965:1,0,0,1,1,1,1,1,1,1,0,1,1,1,1,1,1,1,0,1,1,1,1,1,1,1,0,1,1,1,1,1,1,0,1,0,1,1,1,1,1,0,1,0,1,1,1,1,0,1,1,1,0,1,1,1,0,0,0,0,0,1,1,1
3966:1,1,1,0,1,1,1,1,1,1,1,0,0,1,1,1,1,1,0,0,1,0,1,1,0,0,0,0,0,0,0,1,1,1,0,0,1,1,1,1,1,1,1,0,0,1,1,1,1,1,0,0,1,0,1,1,0,0,0,0,0,0,0,1
3967:1,1,0,0,1,1,1,1,1,1,0,0,0,1,1,1,1,0,0,1,1,0,1,1,0,0,0,0,0,0,0,1,1,0,0,1,0,0,1,1,1,0,0,1,0,0,0,1,1,0,0,1,1,0,1,1,1,1,1,1,1,0,1,1
3968:1,1,1,0,0,1,1,1,0,1,1,1,1,0,1,1,0,1,1,1,1,0,1,1,0,1,1,1,1,0,1,1,0,1,1,1,1,1,0,0,0,1,1,1,1,1,1,0,0,1,1,1,1,1,0,1,0,0,0,0,0,0,0,1
3969:1,0,0,1,1,1,1,1,0,0,1,0,1,1,1,1,0,1,1,0,1,0,0,1,0,1,1,0,1,1,0,1,0,1,1,1,0,1,0,1,0,1,1,1,0,0,1,1,0,1,1,1,0,1,1,1,1,0,0,0,1,1,1,1
3970:1,0,0,1,1,1,1,1,0,1,0,0,1,1,0,1,0,1,1,1,1,1,0,1,0,1,1,0,1,1,0,1,0,1,1,1,0,1,1,1,0,1,1,1,0,0,1,1,0,1,1,0,0,0,1,1,0,0,0,0,1,0,0,1
3971:1,1,1,0,0,1,1,1,1,1,0,1,0,1,1,1,1,1,0,1,0,1,1,1,1,1,0,1,1,0,1,1,1,1,0,0,0,1,1,1,1,0,0,0,0,0,1,1,1,1,1,1,1,0,0,1,1,1,1,1,1,1,1,1
3972:1,1,1,0,0,1,1,1,0,1,1,1,1,0,1,1,0,1,1,1,1,0,1,1,0,1,1,1,1,0,1,1,0,1,0,1,1,1,0,0,0,1,1,1,1,1,1,0,0,1,1,1,1,1,0,1,0,0,0,0,0,0,0,1
3973:1,1,0,0,0,1,1,1,0,1,1,1,1,0,1,1,0,1,1,1,1,0,1,1,0,0,0,0,1,0,1,1,0,1,1,0,1,1,0,0,0,1,1,0,1,1,1,0,0,1,1,0,1,1,0,1,0,0,0,0,0,0,0,1
3974:1,0,0,1,1,1,1,1,0,1,1,0,0,1,1,1,0,1,1,0,1,1,1,1,0,1,1,0,0,1,1,1,0,1,1,1,0,1,1,1,0,1,1,1,1,1,1,1,0,1,1,1,0,1,1,1,0,0,0,0,0,1,1,1
3975:1,1,1,0,0,1,1,1,0,1,1,1,1,0,1,1,0,1,1,1,1,0,1,1,0,1,1,1,1,0,1,1,0,1,1,1,1,1,0,0,0,1,1,0,1,1,1,0,0,1,1,1,1,1,0,1,0,0,0,0,0,0,0,1
3976:1,0,1,1,1,1,1,1,0,1,0,1,1,1,1,1,0,1,0,1,1,0,0,1,0,1,0,1,1,1,1,1,0,1,1,0,0,1,1,1,0,1,1,0,0,0,0,1,0,1,1,0,1,1,0,1,0,0,0,1,1,1,1,1
3977:1,1,1,1,1,1,1,1,0,1,0,1,0,1,1,1,0,1,0,1,0,1,1,1,0,1,0,1,0,0,0,1,0,1,1,0,0,1,0,1,0,1,1,0,0,1,1,0,0,1,1,1,0,1,0,1,0,0,0,1,1,0,0,1
3978:0,0,0,1,1,1,1,1,0,1,0,1,1,1,0,1,0,1,0,1,1,0,1,1,0,1,1,0,1,0,1,1,0,1,1,0,1,0,1,1,0,1,1,0,1,1,0,1,0,1,0,1,1,1,0,1,1,1,1,1,1,1,1,1
3979:1,1,1,0,0,1,1,1,0,1,1,0,1,0,1,1,0,1,1,0,1,0,1,1,0,1,1,0,1,0,1,1,0,1,1,0,1,1,0,0,0,1,1,0,1,1,1,0,0,1,1,0,1,1,0,1,0,0,0,0,0,0,0,1
3980:1,1,1,0,0,1,1,1,0,1,0,0,1,0,1,1,0,1,1,1,1,0,1,1,0,1,1,1,1,0,1,1,0,1,1,1,1,1,0,0,0,1,1,0,0,0,0,0,0,1,1,1,1,1,0,1,0,0,0,0,0,0,0,1
3981:1,0,1,1,1,1,1,1,0,1,0,1,1,0,1,1,0,1,0,1,1,0,1,1,0,1,0,1,1,0,1,1,0,1,1,0,1,1,1,1,0,1,1,0,1,1,1,1,0,1,1,0,1,0,1,1,0,0,0,1,1,0,0,1
3982:1,0,0,1,1,1,1,1,0,1,0,0,1,1,0,1,0,1,0,1,1,0,1,1,0,1,0,0,1,0,0,1,0,1,1,0,0,1,0,1,0,1,1,1,0,1,0,1,0,1,1,0,1,1,0,1,0,0,0,0,1,1,1,1
3983:1,0,0,1,1,1,1,1,0,1,0,0,1,1,1,1,0,1,0,1,1,1,1,1,0,1,0,0,1,1,1,1,0,1,1,0,0,1,1,1,0,1,1,1,0,1,1,1,0,1,1,0,1,1,1,1,0,0,0,0,1,1,1,1
3984:1,1,1,0,1,1,1,1,1,1,0,1,0,1,1,1,1,1,1,1,0,0,1,1,1,1,0,0,0,0,1,1,1,1,1,0,0,1,1,1,1,1,0,0,0,0,1,1,1,0,1,1,1,1,0,1,0,1,1,0,0,1,1,1
3985:1,1,1,0,0,1,1,1,1,1,0,1,0,0,1,1,1,1,0,1,0,0,1,1,1,1,0,1,1,0,1,1,1,1,0,1,1,1,0,1,1,1,0,1,1,1,0,1,1,0,0,1,1,1,1,1,1,1,0,0,0,0,1,1
3986:1,1,1,0,0,1,1,1,0,1,1,0,1,0,1,1,0,1,0,1,1,0,1,1,0,1,1,1,1,0,0,1,0,1,0,1,1,1,0,1,1,1,0,1,1,1,0,1,1,1,0,1,1,1,0,1,1,1,1,0,0,0,1,1
3987:1,1,0,0,1,1,1,1,1,1,0,1,0,1,1,1,1,1,0,1,0,1,1,1,1,0,0,1,0,0,1,1,1,0,1,1,1,0,1,1,1,0,1,1,1,0,1,1,1,0,1,1,1,1,0,1,1,0,0,0,0,0,1,1
3988:1,1,1,0,0,1,1,1,0,1,1,1,1,0,1,1,0,1,1,1,1,0,1,1,0,1,0,0,1,0,1,1,0,1,0,0,1,1,0,1,0,1,1,1,1,1,1,0,0,1,1,1,1,1,0,1,0,0,0,0,0,0,0,1
3989:1,1,1,0,0,1,1,1,0,0,0,0,1,0,1,1,0,1,0,0,1,0,1,1,0,1,0,0,1,0,1,1,0,1,0,0,1,1,0,1,0,1,0,0,1,1,1,0,0,1,0,0,1,1,0,1,0,0,0,0,0,0,0,1
3990:1,0,1,1,1,1,1,1,0,1,0,1,1,0,1,1,0,1,0,1,1,0,1,1,0,1,0,1,1,0,0,1,0,1,1,0,1,0,1,1,0,1,1,0,1,0,1,1,0,1,1,0,1,0,1,1,0,0,0,1,1,0,1,1
3991:1,1,1,0,0,1,1,1,0,1,1,1,1,0,1,1,0,1,1,1,1,0,1,1,0,1,0,0,0,0,1,1,0,1,1,1,0,1,0,0,0,1,1,1,0,1,1,0,0,1,1,1,0,1,0,1,0,0,0,0,0,0,0,1
3992:1,1,1,1,1,1,1,1,0,1,0,1,1,1,1,1,0,1,0,1,1,1,1,1,0,1,0,1,1,1,1,1,0,1,1,0,0,1,1,1,0,0,1,1,0,1,1,1,0,1,1,0,1,1,1,1,0,0,0,1,1,0,0,1
3993:1,1,0,0,0,1,1,1,1,0,0,1,0,0,1,1,1,0,0,1,0,0,1,1,1,1,1,1,1,0,1,1,1,1,0,1,1,1,0,1,1,1,1,1,1,1,1,1,1,1,0,1,1,0,1,1,1,1,1,0,1,1,1,1
3994:1,1,1,0,0,1,1,1,0,1,1,1,1,0,1,1,0,1,1,1,1,0,1,1,0,1,0,0,1,0,1,1,0,1,1,1,1,1,0,0,0,1,0,0,1,1,1,0,0,1,1,1,1,1,0,1,0,0,0,0,0,0,0,1
3995:1,0,1,1,1,0,1,1,0,1,0,1,1,0,0,1,0,1,0,1,0,0,0,1,0,1,0,1,1,0,0,1,0,1,1,0,1,0,0,1,0,1,1,0,1,1,0,1,0,1,1,1,1,1,0,1,0,0,0,1,1,1,0,1
3996:1,0,0,0,1,1,1,1,0,0,0,0,1,1,1,1,0,0,0,0,1,1,1,1,0,0,0,0,1,0,1,1,0,0,0,1,0,0,1,1,0,0,0,1,0,0,1,1,0,0,0,1,0,0,1,1,0,0,0,0,1,1,0,1
3997:1,1,0,0,0,1,1,1,1,1,1,1,0,1,1,1,1,1,1,1,1,0,1,1,1,1,0,0,0,1,1,1,1,1,1,0,1,1,1,1,1,1,0,0,0,1,1,1,1,1,1,0,0,1,1,1,1,0,0,1,0,0,0,1
3998:1,0,1,1,1,1,1,1,0,1,0,1,1,1,1,1,0,1,0,1,1,1,0,1,0,1,0,1,1,0,0,1,0,1,0,0,1,0,0,1,0,1,1,0,1,0,1,1,0,1,1,0,1,1,0,1,0,0,0,1,0,1,1,1
3999:1,1,1,1,1,1,1,1,1,1,0,0,0,1,1,1,1,0,0,0,0,0,1,1,0,1,1,1,1,0,1,1,0,1,1,1,1,1,0,1,0,1,0,1,0,1,0,1,1,0,0,0,0,0,1,1,1,1,0,1,0,1,1,1
4000:1,1,0,0,0,1,1,1,1,0,1,0,1,0,1,1,0,1,1,1,1,0,1,1,1,0,1,0,1,0,1,1,1,1,1,0,0,1,1,1,1,0,1,0,1,1,1,1,1,0,0,0,1,1,1,1,1,0,0,1,1,0,0,1
4001:1,0,1,1,0,1,1,1,1,0,0,1,1,0,1,1,0,1,1,0,1,0,1,1,1,0,1,0,0,0,1,1,1,0,0,1,1,1,1,1,1,0,0,1,1,1,1,1,1,0,1,1,1,1,1,1,1,0,0,1,1,0,0,1
4002:1,0,0,1,1,1,1,1,0,1,1,0,1,1,1,1,0,1,1,0,1,1,1,1,0,1,1,0,1,0,1,1,0,1,1,1,0,0,1,1,0,0,0,1,0,0,1,1,0,1,1,1,0,0,1,1,0,0,0,0,1,1,0,1
4003:1,0,0,0,1,1,1,1,0,1,1,0,1,1,1,1,0,1,1,0,1,1,1,1,0,0,0,0,1,0,0,1,0,1,1,1,0,0,0,1,0,0,0,1,0,0,1,1,0,1,1,1,0,0,1,1,0,0,0,0,1,1,0,1
4004:1,0,0,0,1,1,1,1,0,1,1,0,0,1,1,1,0,1,1,0,1,1,0,1,0,1,1,0,0,1,1,1,0,1,1,1,0,1,1,1,0,1,1,1,0,1,0,1,0,1,1,1,0,1,1,1,0,0,0,0,1,1,1,1
4005:1,0,1,1,1,0,1,1,0,1,0,1,0,0,0,1,0,1,0,0,0,0,0,0,0,1,0,1,1,0,0,1,1,0,0,1,1,0,1,1,1,0,0,0,0,0,0,1,1,0,1,0,0,0,0,1,1,0,0,0,0,0,0,1
4006:1,0,0,0,0,0,0,1,0,1,0,1,0,1,0,1,0,1,0,1,0,1,1,1,0,1,0,1,0,1,1,1,0,1,0,1,0,1,0,1,0,1,1,0,1,1,0,1,1,0,1,1,1,0,1,1,1,1,0,0,0,1,1,1
4007:1,0,0,0,0,0,0,1,0,1,1,0,0,1,0,1,0,1,1,0,1,1,0,1,0,1,0,1,0,1,1,1,0,0,0,1,1,0,0,1,1,0,1,1,1,0,0,1,1,0,1,1,1,0,1,1,1,1,0,0,0,1,1,1
4008:1,1,1,0,1,1,1,1,1,0,0,1,1,0,1,1,1,0,1,1,1,0,0,1,0,0,1,1,1,0,0,1,0,1,0,1,0,1,1,1,0,1,1,0,0,1,0,1,0,1,1,0,1,1,0,1,0,0,0,0,0,0,0,1
4009:1,1,1,0,1,1,1,1,1,0,0,1,1,0,1,1,1,0,1,1,1,1,0,1,0,0,0,0,0,0,0,1,0,1,1,0,1,1,0,1,0,1,1,0,1,1,0,1,0,1,1,0,1,1,0,1,0,0,0,0,0,0,0,1
4010:1,1,0,0,0,0,1,1,1,0,1,1,1,0,1,1,0,1,1,1,0,1,0,1,0,0,1,0,0,1,0,1,1,1,1,0,0,1,1,1,1,1,1,0,1,1,1,1,1,1,1,0,1,1,1,1,1,1,1,0,0,1,1,1
4011:1,1,0,0,0,0,1,1,1,0,1,1,1,0,1,1,0,1,1,1,1,1,0,1,0,0,0,0,0,0,0,1,1,1,1,0,1,1,1,1,1,1,1,0,1,1,1,1,1,1,1,0,1,1,1,1,1,1,1,1,0,0,1,1
4012:1,1,1,0,1,1,1,1,1,0,0,1,0,0,1,1,0,1,1,1,1,1,0,1,0,1,1,1,1,1,0,1,0,0,0,0,0,0,0,1,1,1,1,0,1,1,1,1,1,1,0,0,0,1,1,1,0,0,0,1,1,0,0,1
4013:1,1,1,0,0,1,1,1,1,0,0,1,1,0,1,1,1,1,1,0,1,1,0,1,0,1,1,0,1,1,0,1,1,0,0,0,0,0,0,1,1,1,0,1,1,1,1,1,1,0,1,1,1,0,1,1,1,0,1,1,1,1,1,1
4014:1,0,0,0,0,0,0,1,0,0,0,1,0,0,0,1,0,1,1,1,0,1,0,1,0,1,0,1,0,1,0,1,0,0,0,1,1,0,0,1,0,0,1,1,1,1,0,1,1,0,1,1,1,0,1,1,1,1,0,0,0,1,1,1
4015:1,1,1,0,0,1,1,1,1,0,1,1,1,0,1,1,0,0,1,1,1,1,0,1,0,1,1,0,1,1,0,1,0,0,1,0,0,1,0,1,1,1,0,1,1,1,1,1,1,1,0,1,1,1,1,1,1,1,0,0,0,0,1,1
4016:1,1,1,1,1,1,1,1,0,0,0,1,1,0,0,1,0,1,1,0,0,1,0,1,0,1,1,0,1,1,0,1,0,0,0,0,0,0,0,1,1,1,1,0,1,1,0,1,1,0,1,0,1,0,1,1,1,1,0,0,0,1,1,1
4017:1,1,1,1,1,1,1,1,1,1,1,1,1,0,1,1,0,0,0,0,0,0,1,1,0,0,1,0,1,0,1,1,0,0,1,0,0,0,1,1,0,0,0,0,0,0,1,1,0,0,0,0,0,0,1,1,1,0,0,0,1,1,0,1
4018:1,1,1,0,1,1,1,1,1,0,0,1,1,0,1,1,1,1,1,1,1,1,0,1,0,1,1,0,1,1,0,1,0,0,1,0,0,0,0,1,0,1,1,0,1,1,0,1,0,1,1,0,0,1,0,1,1,0,0,1,1,0,0,1
4019:1,1,0,0,0,0,1,1,1,0,1,1,1,0,1,1,0,1,0,0,0,1,0,1,0,1,1,0,0,1,0,1,0,0,0,0,0,0,0,1,1,1,1,0,0,1,1,1,1,1,0,1,0,1,1,1,1,1,1,1,1,1,1,1
4020:1,1,1,0,0,1,1,1,1,0,0,1,1,0,1,1,1,1,1,1,1,1,0,1,0,0,1,1,1,1,0,1,1,0,0,1,0,0,1,1,1,1,1,0,0,1,1,1,1,1,1,0,0,1,1,1,1,1,0,1,1,0,1,1
4021:1,1,1,0,1,1,1,1,1,0,0,1,1,0,1,1,1,0,1,1,1,1,0,1,0,0,1,1,0,1,0,1,0,1,1,1,0,1,0,1,0,1,0,0,0,1,1,1,0,1,1,0,1,1,0,1,0,0,0,0,0,0,0,1
4022:1,1,1,1,1,1,1,1,1,1,0,1,0,1,1,1,0,1,0,1,0,1,0,1,0,0,0,0,0,0,0,1,0,1,0,0,0,1,0,1,0,1,1,1,0,1,0,1,1,0,0,1,0,0,1,1,1,1,0,0,0,1,1,1
4023:1,1,1,0,0,1,1,1,1,0,1,1,1,0,1,1,1,1,1,1,1,1,0,1,0,0,0,0,0,1,0,1,1,1,0,0,0,1,1,1,1,1,0,1,0,1,1,1,1,1,0,1,0,1,1,1,1,1,0,1,0,0,1,1
4024:1,1,1,1,1,1,1,1,0,0,0,1,1,0,0,1,0,1,0,0,0,1,0,1,0,1,1,1,0,1,0,1,0,1,0,1,0,1,0,1,0,1,1,1,0,1,0,1,1,0,0,1,0,0,1,1,1,1,0,0,0,1,1,1
4025:1,1,1,0,1,1,1,1,1,1,0,1,0,1,1,1,1,0,1,1,0,1,1,1,0,1,1,1,0,1,1,1,0,1,1,1,0,1,1,1,1,0,1,0,0,0,0,1,1,0,1,1,0,1,1,1,1,1,0,0,0,1,1,1
4026:1,1,0,0,0,0,1,1,1,0,1,0,1,1,0,1,0,1,1,0,0,1,0,1,0,1,1,0,0,1,1,1,0,1,1,0,0,1,1,1,0,1,1,0,1,1,1,0,0,1,1,0,0,1,0,0,1,0,0,1,0,1,0,1
4027:1,1,1,0,0,1,1,1,1,0,0,1,1,0,1,1,0,1,1,1,1,1,0,1,0,0,0,0,0,0,0,1,1,1,1,1,1,1,1,1,1,1,0,0,0,1,1,1,1,1,0,0,1,1,1,1,1,1,1,1,1,0,1,1
4028:1,1,1,0,1,1,1,1,1,1,0,0,0,1,1,1,1,1,0,0,0,1,1,1,1,1,0,1,0,0,1,1,0,0,0,1,1,0,0,1,0,1,0,1,1,1,1,0,0,0,0,1,1,0,0,1,1,1,0,0,0,0,1,1
4029:1,1,1,0,1,1,1,1,1,0,0,1,1,0,1,1,1,1,1,0,1,1,0,1,0,0,1,0,0,1,0,1,1,0,0,1,0,0,1,1,1,1,1,0,0,1,1,1,1,1,0,0,0,1,1,1,1,1,0,1,1,0,1,1
4030:1,1,1,0,1,1,1,1,1,0,1,1,1,0,1,1,0,1,1,1,1,1,0,1,0,0,0,0,0,0,0,1,1,1,0,1,0,1,1,1,0,0,0,0,0,0,0,1,1,1,0,1,0,0,1,1,1,1,1,1,1,0,1,1
4031:1,1,1,1,1,1,1,1,1,0,1,0,1,1,0,1,1,0,0,0,0,0,1,1,1,0,0,1,0,0,0,1,0,1,0,1,1,1,0,1,0,0,0,1,1,0,0,1,1,0,0,0,0,0,0,1,1,1,0,0,0,0,1,1
4032:1,1,1,0,0,1,1,1,1,0,0,1,1,0,1,1,0,0,1,1,1,1,0,1,0,0,0,1,0,0,0,1,0,0,1,0,0,0,0,1,0,0,1,0,1,1,0,1,0,0,1,0,0,1,0,1,0,0,0,0,0,0,0,1
4033:1,1,1,0,1,1,1,1,1,0,0,1,1,0,1,1,1,1,1,0,1,1,0,1,0,1,1,1,1,1,0,1,1,0,0,0,0,0,0,1,1,1,1,1,1,1,1,1,1,1,1,1,1,1,0,1,1,1,0,1,0,1,0,1
4034:1,1,0,0,0,0,1,1,1,0,1,0,1,0,1,1,0,1,0,0,0,1,0,1,0,0,0,0,0,0,0,1,0,0,1,1,1,1,0,1,1,0,0,0,0,0,0,1,1,1,0,1,0,0,1,1,1,1,1,1,1,1,1,1
4035:1,1,1,0,1,1,1,1,1,0,0,1,0,0,1,1,0,1,1,1,0,1,0,1,0,0,0,0,0,0,0,1,1,1,1,1,1,1,1,1,1,0,1,0,1,0,1,1,1,0,1,0,1,0,1,1,1,0,1,0,1,0,1,1
4036:1,0,1,1,1,0,1,1,0,1,0,1,0,1,0,1,0,0,0,1,0,0,0,1,1,0,1,1,1,0,1,1,1,0,0,1,1,0,0,1,1,1,0,1,1,1,0,1,1,1,0,1,1,0,0,1,1,1,0,1,1,1,1,1
4037:1,0,1,1,1,0,1,1,0,1,0,1,0,1,0,1,0,0,0,1,0,0,0,1,1,0,0,1,1,0,0,1,1,0,0,1,1,0,0,1,1,0,0,1,1,0,0,1,1,0,1,1,1,0,1,1,1,0,1,1,1,0,1,1
4038:1,1,1,1,1,1,1,1,0,1,0,0,0,1,0,1,1,0,1,0,0,0,0,1,0,0,0,1,1,0,0,1,0,1,0,1,0,0,0,1,1,1,0,0,0,1,1,1,1,1,1,1,1,1,1,1,1,1,1,1,1,1,1,1
4039:1,1,1,1,1,1,1,1,0,1,0,0,0,1,0,1,1,0,1,1,1,1,0,1,1,0,1,0,0,0,0,1,0,1,1,0,0,1,0,1,1,1,1,1,1,1,1,1,1,1,1,0,1,1,1,1,1,1,1,1,1,1,1,1
4040:1,1,1,1,1,1,1,1,0,0,0,1,0,0,0,1,1,0,0,1,1,0,0,1,0,1,1,0,0,1,1,1,1,1,1,1,1,1,1,1,1,1,0,1,1,0,1,1,1,1,0,1,1,0,1,1,1,1,1,1,1,1,0,1
4041:1,1,1,1,1,1,1,1,1,1,1,0,0,1,1,1,0,1,0,0,0,0,0,1,1,0,0,1,1,0,0,1,0,0,0,0,0,0,0,1,0,1,1,0,0,1,1,1,1,1,1,1,0,1,1,1,1,1,1,1,1,1,1,1
4042:1,1,1,1,1,1,1,1,0,0,0,1,1,0,0,1,1,0,0,1,1,0,0,1,0,1,1,1,1,1,1,1,1,1,1,1,1,1,1,1,0,0,0,1,1,0,0,1,1,0,1,1,1,0,0,1,0,1,1,0,0,1,1,1
4043:1,1,0,0,0,1,1,1,1,1,1,0,0,1,1,1,1,1,0,0,0,0,1,1,1,0,0,0,0,0,0,1,1,0,0,0,0,0,0,1,1,1,1,0,0,1,1,1,1,1,1,0,0,1,1,1,1,1,1,1,1,1,1,1
4044:1,1,1,1,1,1,1,1,1,1,1,0,1,1,1,1,0,0,0,0,0,0,0,1,1,0,1,0,0,0,0,1,0,0,0,0,0,0,0,1,0,1,1,0,0,1,1,1,1,1,1,0,1,1,1,1,1,1,1,0,1,1,1,1
4045:0,1,1,1,1,1,1,1,1,0,0,0,0,0,0,1,1,1,1,0,0,1,1,1,1,1,0,1,1,1,1,1,1,1,0,1,1,0,1,1,1,1,0,0,0,1,1,1,1,1,1,0,0,1,1,1,0,0,0,1,1,0,0,1
4046:1,1,1,1,1,0,1,1,1,1,0,0,0,1,1,1,1,1,1,0,0,1,1,1,1,1,0,1,0,1,1,1,0,1,0,1,0,1,0,1,1,1,0,0,0,1,1,1,1,1,0,0,0,1,1,1,1,0,0,1,0,0,1,1
4047:0,1,1,1,1,1,1,1,1,0,0,0,1,1,1,1,1,0,0,1,1,0,0,1,1,0,1,0,1,1,1,1,1,0,1,0,1,1,1,1,1,0,0,1,1,0,0,1,1,0,0,1,1,1,1,1,0,1,1,0,1,1,1,1
4048:1,1,1,0,1,1,1,1,0,1,0,0,0,1,1,1,0,1,1,1,0,0,1,1,0,1,0,0,0,1,0,1,0,1,0,1,0,1,0,0,0,1,1,0,0,0,1,1,0,0,0,1,0,1,1,1,0,1,1,0,1,1,1,1
4049:1,1,1,1,1,1,0,1,0,0,0,0,1,1,0,0,1,0,1,1,1,1,1,1,1,1,1,1,1,1,0,1,0,1,1,1,1,1,0,1,0,0,1,1,1,1,0,1,0,0,0,0,1,1,0,0,0,1,1,0,1,0,0,1
4050:0,1,0,1,1,1,1,1,0,0,1,0,1,1,1,1,0,1,1,0,1,0,0,1,0,1,1,0,1,1,1,1,0,1,1,0,1,0,0,1,0,0,1,0,1,1,1,1,0,1,0,1,1,1,1,1,1,1,1,1,1,1,1,1
4051:1,1,1,1,1,1,1,1,0,1,1,0,0,0,0,1,0,0,1,1,1,1,0,1,0,0,1,0,0,0,0,1,0,0,0,0,0,0,0,1,0,0,1,1,1,1,0,1,0,0,0,1,1,1,0,1,0,1,1,1,0,0,0,1
4052:1,0,1,1,0,1,1,1,1,0,0,1,0,0,1,1,1,0,1,0,0,1,0,1,1,0,0,0,0,0,0,1,0,1,1,0,0,1,0,1,1,0,0,1,0,0,1,1,1,0,1,1,0,1,1,1,1,1,1,1,1,1,1,1
4053:1,1,1,1,1,1,1,1,0,0,0,1,1,0,1,0,0,1,0,1,1,0,1,0,0,1,0,0,0,1,0,0,0,0,0,0,1,1,0,1,0,1,0,1,0,1,1,0,0,1,0,1,1,0,1,0,0,0,1,1,1,1,1,1
4054:0,0,1,1,1,1,0,1,1,0,1,1,1,0,0,1,1,0,1,1,1,0,1,1,1,1,0,0,0,0,1,1,1,0,0,0,0,0,1,1,1,1,1,1,1,1,0,1,1,1,1,1,1,0,1,1,1,1,1,1,1,0,1,1
4055:0,0,1,0,1,1,0,1,1,0,1,0,1,1,1,1,1,0,1,0,1,1,1,1,1,0,1,0,1,1,1,1,1,0,1,0,1,1,1,1,1,0,1,0,1,1,1,1,1,0,1,0,1,0,1,1,1,1,0,1,0,0,1,1
4056:0,1,1,1,0,0,0,1,1,0,1,1,0,1,1,1,1,0,1,1,1,0,0,1,1,0,1,1,1,1,0,1,1,0,1,1,1,1,0,1,1,0,1,1,1,1,1,0,1,0,1,1,1,1,0,1,1,0,0,0,1,1,1,1
4057:0,1,1,1,1,1,0,1,1,0,1,1,1,1,0,1,1,0,1,1,1,1,1,1,1,0,1,0,1,1,1,1,1,0,1,1,1,1,1,1,1,0,1,1,1,1,1,1,1,0,1,1,1,1,1,1,1,0,0,0,0,0,1,1
4058:0,0,1,1,1,1,1,1,1,0,1,1,1,1,1,0,1,1,1,1,0,1,1,0,1,1,1,1,0,1,1,0,1,1,1,1,0,1,1,0,1,1,1,1,1,1,1,0,1,1,1,1,1,1,1,0,1,1,0,0,0,0,0,0
4059:0,0,1,1,1,1,1,1,1,0,1,0,0,0,1,1,1,0,1,1,1,1,1,1,1,0,0,0,0,0,0,1,1,0,1,0,0,0,1,1,1,0,1,1,1,1,1,1,1,0,1,0,0,1,1,1,1,1,0,0,1,0,0,1
4060:1,0,0,1,1,0,0,1,1,1,0,1,1,0,1,1,1,1,0,1,0,0,1,1,1,1,0,0,0,1,1,1,1,1,0,0,0,0,1,1,1,1,1,0,0,1,1,1,1,1,0,1,1,0,1,1,1,1,1,1,1,1,1,1
4061:1,0,1,1,1,1,1,1,1,0,1,1,1,1,0,1,1,1,1,1,0,1,0,1,1,1,0,1,0,1,0,1,1,1,0,1,1,1,0,1,1,1,1,1,1,1,0,1,1,1,1,1,1,1,0,1,1,1,0,0,0,0,0,1
4062:1,0,1,1,1,1,1,1,1,0,1,0,0,1,0,1,1,1,1,1,0,1,0,1,1,1,1,1,0,1,0,1,1,1,1,1,0,1,0,1,1,1,1,1,0,1,0,1,1,1,1,1,0,1,0,1,1,1,0,0,0,0,0,1
4063:1,1,1,1,0,0,0,1,1,0,1,0,1,1,1,1,1,0,1,0,1,0,1,1,1,0,1,0,1,0,1,1,1,0,1,0,1,0,0,1,1,0,1,0,1,1,1,1,1,0,1,0,1,0,1,1,1,0,0,0,1,0,0,1
4064:1,0,1,1,1,0,0,1,1,0,1,0,1,1,0,1,1,1,1,0,1,1,0,1,1,0,0,0,1,1,0,1,1,0,0,0,1,0,1,1,1,0,1,0,1,0,1,1,1,0,1,0,1,0,1,1,1,0,0,0,0,0,0,1
4065:1,0,1,1,1,1,1,1,1,0,1,1,1,1,0,1,1,0,1,1,1,1,0,1,1,0,0,1,1,0,0,1,1,1,1,0,0,1,1,1,1,1,1,1,1,1,1,1,1,1,1,1,1,1,1,1,1,0,0,0,0,0,0,1
4066:1,0,1,1,0,0,0,1,1,0,1,0,1,1,1,1,1,0,1,0,1,1,1,1,1,0,1,0,1,1,1,1,1,0,1,0,1,1,1,1,1,0,1,0,1,1,1,1,1,0,1,0,1,1,1,1,1,0,0,0,1,1,1,1
4067:1,0,1,1,1,0,1,1,1,1,0,1,1,0,1,1,1,1,0,1,0,0,1,1,1,1,0,0,0,1,1,1,0,0,0,0,0,0,0,1,1,1,1,0,1,1,0,1,1,1,1,0,1,1,1,1,1,1,1,1,1,1,1,1
4068:1,1,1,1,1,1,1,1,1,0,1,0,0,1,1,1,1,0,1,1,0,1,0,1,1,1,0,0,0,0,0,1,1,1,0,0,0,0,0,1,1,1,1,0,0,1,1,1,1,1,1,0,0,1,1,1,1,1,1,0,1,1,1,1
4069:1,1,0,1,1,0,1,1,1,1,0,1,1,0,1,1,1,1,0,1,1,0,1,1,1,0,0,0,0,0,0,1,1,1,0,1,0,0,0,1,1,1,0,1,1,1,1,1,1,1,0,1,1,1,1,1,1,1,0,0,0,1,1,1
4070:0,1,1,0,0,1,0,1,1,0,1,0,1,0,1,1,1,0,1,1,1,0,1,1,1,0,1,0,0,1,0,1,1,0,1,0,0,0,0,1,1,0,1,0,1,1,0,1,1,0,1,1,1,0,1,1,1,0,0,1,1,1,1,1
4071:0,0,1,1,1,0,0,1,1,0,0,1,1,0,1,1,1,1,0,1,0,0,1,1,1,1,1,1,0,1,1,1,1,1,1,1,1,1,1,1,1,0,1,0,1,0,1,1,1,0,1,0,1,0,1,1,1,1,1,1,1,0,1,1
4072:0,0,1,1,1,1,1,1,1,0,0,1,1,1,1,0,1,1,1,1,0,1,1,0,1,0,1,1,0,1,1,0,1,0,1,1,0,1,1,0,1,0,1,1,0,1,1,0,0,1,1,0,0,1,1,0,0,0,0,0,0,0,0,0
4073:1,0,1,1,0,1,1,1,1,0,1,0,1,1,1,1,1,0,0,0,1,1,0,1,1,0,1,0,0,1,0,0,1,0,1,0,0,0,0,0,1,0,1,0,0,0,0,0,1,0,1,0,0,1,1,0,1,0,0,0,1,0,0,1
4074:1,1,0,1,1,1,1,1,1,1,0,0,0,0,1,1,1,0,0,0,0,0,0,1,0,0,1,1,1,1,0,1,1,0,0,1,0,0,1,1,1,1,0,0,0,0,1,1,1,1,0,0,0,0,1,1,1,1,1,0,0,1,1,1
4075:1,0,0,0,0,0,1,1,1,1,1,1,1,1,0,1,1,1,1,1,1,1,0,1,0,0,1,1,1,1,1,1,0,1,1,0,0,0,1,1,1,0,0,0,0,0,0,1,1,0,0,0,0,0,0,1,1,1,1,0,0,1,1,1
4076:0,1,1,1,1,1,1,1,0,0,0,0,0,0,0,1,1,1,1,1,1,1,0,1,0,0,0,0,0,0,0,1,0,1,1,0,1,1,1,1,0,0,0,0,0,0,1,1,0,0,0,0,0,0,1,1,1,1,1,1,1,1,0,1
4077:1,1,1,1,1,1,1,1,1,0,0,1,0,1,0,1,1,1,1,1,1,1,0,0,1,1,0,0,0,0,0,1,1,0,1,1,1,0,1,1,1,1,1,0,1,0,1,1,1,1,1,0,1,0,1,1,0,1,1,1,1,0,0,1
4078:1,0,1,1,1,1,1,1,1,0,1,0,0,1,1,1,1,1,1,1,1,1,0,1,1,1,1,1,1,1,0,1,0,0,0,0,0,0,1,1,0,1,1,1,1,1,1,1,0,1,1,0,0,1,1,1,1,1,1,1,1,1,1,1
4079:0,0,1,0,0,1,1,1,1,0,1,1,0,1,0,1,1,0,1,1,1,0,1,1,1,0,1,1,0,1,0,1,1,0,0,1,0,1,1,0,1,1,1,1,0,1,0,1,1,1,1,1,0,1,1,1,1,1,1,1,1,1,1,1
4080:0,1,0,0,0,1,0,1,1,1,1,1,0,1,1,0,1,0,0,1,0,1,0,1,0,0,0,0,0,1,0,1,1,1,1,1,0,1,0,1,1,0,0,1,0,1,1,1,1,1,1,1,0,1,0,1,1,1,1,1,1,1,1,1
4081:0,0,1,0,0,0,1,1,0,0,0,0,1,0,0,1,1,0,1,0,1,0,0,1,1,0,1,0,1,0,0,1,1,0,0,0,1,0,0,1,1,1,1,1,1,0,1,1,1,1,1,1,1,0,1,1,1,1,1,1,1,1,1,1
4082:0,0,1,0,0,0,1,1,1,0,1,0,1,0,0,1,1,0,1,0,1,0,0,1,1,0,1,0,1,0,0,1,1,0,0,0,1,0,0,1,1,1,1,1,1,0,1,1,1,1,1,1,1,0,1,1,1,1,1,1,1,1,1,1
4083:0,1,1,1,1,1,1,1,1,0,1,1,0,1,0,0,1,1,1,0,0,1,0,1,1,1,1,0,0,1,1,1,1,0,1,0,0,1,0,1,0,0,1,0,1,1,1,0,1,1,1,1,1,1,0,1,1,1,1,1,1,1,1,1
4084:1,1,0,0,1,1,1,1,1,1,1,1,0,0,1,1,1,0,0,1,1,1,0,1,0,1,1,0,1,1,1,0,0,1,1,1,1,1,1,0,0,1,1,1,1,1,0,1,1,0,1,1,1,1,0,1,1,1,0,0,0,1,1,1
4085:1,1,1,1,1,1,1,1,1,0,1,1,1,1,1,1,1,1,0,0,1,1,1,1,1,0,0,1,1,1,1,1,1,0,1,0,0,0,1,1,1,1,1,0,1,1,1,1,0,0,1,1,1,1,1,0,0,0,0,0,0,0,0,1
4086:0,0,0,1,1,1,1,1,1,1,1,1,1,1,1,1,1,0,1,0,0,0,1,1,1,0,1,1,1,1,0,1,0,1,1,1,1,1,1,0,0,1,1,1,0,1,1,0,0,0,1,0,1,0,0,1,1,1,1,1,1,1,1,1
4087:1,1,1,1,1,1,1,1,1,0,1,1,1,1,1,1,0,0,1,1,1,1,1,1,1,1,1,0,0,1,1,1,1,1,0,1,1,1,1,1,1,0,1,1,1,1,0,1,0,1,1,1,1,1,1,0,1,0,0,0,0,0,0,1
4088:1,1,0,0,1,1,1,1,1,1,1,0,1,1,1,1,1,1,1,0,1,1,1,1,1,1,1,0,1,1,1,1,1,0,0,0,0,0,0,1,0,1,1,0,1,1,0,1,0,1,1,0,0,1,0,1,1,0,0,0,0,0,0,1
4089:1,0,0,1,1,0,0,1,1,1,0,1,0,1,1,1,1,1,0,1,0,1,1,1,1,0,0,0,0,0,0,1,0,1,0,1,0,1,1,1,0,1,0,1,0,1,1,1,0,1,0,1,1,0,1,1,1,0,1,1,1,1,1,1
4090:1,1,1,0,0,1,1,1,0,1,0,1,1,0,1,1,0,0,0,0,0,0,0,1,1,1,0,1,0,1,0,1,1,1,0,1,0,0,0,1,1,1,1,1,0,0,1,1,1,1,1,1,0,1,1,1,1,1,1,1,1,1,1,1
4091:1,0,1,1,1,1,0,1,1,0,1,1,1,0,0,1,1,1,0,1,0,1,0,1,1,1,1,0,0,1,0,1,1,0,1,0,0,1,0,1,1,0,0,1,0,0,1,1,1,0,1,1,1,1,0,1,1,1,1,1,1,1,1,1
4092:1,0,0,0,0,0,0,1,1,1,1,0,1,1,0,1,1,1,0,1,1,0,0,1,1,1,1,0,0,1,0,1,1,1,1,1,1,0,0,1,1,1,0,1,1,0,1,1,1,1,1,1,1,0,1,1,1,1,1,1,1,1,1,1
4093:0,0,1,1,1,0,1,1,1,0,1,0,0,1,0,1,1,0,1,0,1,1,1,0,1,0,1,0,1,1,0,1,1,0,1,0,1,1,0,1,1,0,1,0,1,1,0,1,1,0,1,0,1,1,1,0,1,0,0,0,1,0,0,1
4094:1,1,1,1,0,0,1,1,1,0,0,1,1,0,1,1,1,1,1,1,1,0,1,1,1,0,1,1,0,1,0,1,1,0,1,1,0,0,1,1,1,1,1,1,0,1,1,1,1,1,1,1,0,1,1,1,1,1,1,0,0,0,1,1
4095:1,0,1,1,1,1,1,1,1,0,0,1,1,1,1,1,1,0,1,1,1,1,1,1,1,1,0,0,1,1,0,1,1,1,0,1,1,1,0,1,1,1,0,1,1,1,0,1,1,1,0,1,1,1,0,1,1,1,0,0,0,0,0,1
4096:1,1,1,1,1,1,1,1,0,1,1,1,0,1,1,1,0,0,0,1,0,1,1,1,1,0,1,1,1,1,1,1,1,0,0,0,0,0,0,1,1,1,1,1,1,1,0,1,1,1,1,1,1,1,0,1,1,1,1,1,1,1,0,1
4097:1,1,1,1,1,1,1,1,1,0,0,1,1,0,0,1,0,1,1,0,0,1,1,0,0,1,1,0,0,1,1,0,0,1,1,0,1,1,1,0,0,1,1,0,1,1,1,0,1,0,0,0,0,0,0,1,1,1,1,1,1,1,1,1
4098:1,1,1,1,1,1,1,1,1,1,1,0,1,1,1,1,1,0,0,0,0,0,0,1,1,1,1,1,1,1,0,1,1,0,0,0,0,0,0,1,0,1,1,0,0,1,1,1,0,1,1,1,1,1,1,1,0,0,0,0,0,0,0,1
4099:1,1,1,1,1,1,1,1,1,0,1,1,1,1,1,1,0,0,1,1,1,1,1,1,1,1,0,0,1,1,1,1,1,1,0,1,0,0,1,1,1,0,1,0,1,0,1,1,0,1,1,1,0,1,0,0,1,0,0,0,0,0,0,1
4100:1,1,0,1,1,1,1,1,1,1,0,1,0,1,1,1,1,1,1,1,1,0,1,1,1,1,0,1,0,1,1,1,1,0,0,0,0,0,1,1,0,1,1,1,1,1,0,1,0,1,0,1,0,1,1,1,1,0,0,1,1,0,0,1
4101:1,1,0,0,0,0,1,1,1,0,0,1,0,0,1,1,1,1,1,0,0,1,1,1,1,1,1,0,0,1,1,1,1,0,0,1,0,0,0,1,1,0,0,1,0,0,1,1,0,1,1,0,0,1,0,1,1,0,0,1,0,0,0,1
4102:1,1,1,1,1,1,1,1,1,0,1,1,1,0,0,1,1,1,1,1,1,1,1,0,0,1,0,0,0,1,0,1,1,1,1,1,1,0,1,1,1,1,1,1,1,1,0,1,1,1,1,1,1,1,1,1,1,1,1,1,1,1,1,1
4103:1,1,0,1,1,0,1,1,1,1,0,1,1,0,1,1,1,1,0,1,0,1,1,1,1,0,0,0,0,0,1,1,0,1,0,1,0,1,0,1,0,1,0,1,0,1,1,1,0,1,0,1,1,0,0,1,1,1,1,1,1,1,1,1
4104:1,1,1,1,1,1,1,1,1,1,1,0,1,1,1,1,0,0,1,0,0,1,0,1,0,0,0,0,0,1,0,1,0,1,0,0,1,0,1,1,0,0,1,0,0,1,0,1,0,1,1,0,0,0,0,1,1,1,1,0,1,1,1,1
4105:1,0,0,1,1,1,1,1,1,0,0,0,1,1,1,1,1,1,1,0,0,0,0,1,1,0,1,1,1,0,0,1,1,1,1,1,1,1,1,1,1,1,1,0,1,1,1,1,1,1,0,1,1,0,1,1,1,0,1,1,1,0,0,1
4106:1,0,1,1,1,1,1,1,1,0,1,0,1,1,1,1,1,0,0,0,0,0,0,1,1,1,1,0,0,0,0,1,1,1,1,0,0,0,0,1,1,1,0,0,0,0,1,1,1,1,1,0,1,1,1,1,1,1,1,0,1,0,0,1
4107:1,0,1,1,1,1,1,1,1,1,0,1,1,1,1,1,1,1,0,1,1,1,1,1,1,1,0,1,1,1,1,1,0,0,0,1,0,1,1,1,0,1,0,1,1,0,0,1,0,1,0,1,1,1,1,1,0,0,0,1,1,1,1,1
4108:1,1,1,1,1,1,1,1,1,0,1,0,0,0,0,1,1,1,1,0,1,1,0,1,1,0,1,0,1,1,1,1,1,0,1,0,0,0,1,1,1,1,1,1,1,1,1,1,1,1,1,1,1,1,1,1,1,1,1,1,1,1,1,1
4109:1,0,0,0,0,0,1,1,1,1,1,1,1,1,0,1,1,1,1,1,1,1,0,1,1,0,0,0,0,0,0,1,0,1,1,1,0,0,1,1,0,1,1,0,1,1,0,1,0,1,1,1,1,1,0,1,0,0,0,0,0,0,0,1
4110:1,0,1,1,1,1,1,1,0,1,1,0,1,1,1,1,0,0,0,0,0,0,0,1,1,1,1,1,1,1,1,0,0,1,0,1,1,1,1,0,0,1,0,1,1,1,1,0,0,1,0,0,0,0,0,1,1,0,1,1,1,1,1,1
4111:1,0,1,1,1,1,1,1,1,0,0,1,1,1,1,1,1,1,1,1,0,0,1,1,1,0,1,1,0,0,1,1,1,0,1,1,1,1,1,1,1,1,1,1,1,1,1,1,0,1,1,1,1,1,1,1,0,0,1,1,0,0,0,1
4112:1,0,0,1,0,0,1,1,1,1,0,0,0,0,1,1,1,1,0,1,0,0,1,1,1,0,0,0,0,0,0,1,0,1,0,0,1,1,0,1,0,1,1,1,1,1,1,1,0,1,0,1,1,1,0,1,1,1,1,1,1,1,1,1
4113:1,0,0,0,0,0,1,1,1,1,1,1,1,1,0,1,1,1,1,1,1,1,0,1,1,0,0,0,0,0,0,1,0,1,1,1,1,1,1,1,0,1,1,1,0,0,0,1,0,1,1,1,1,1,0,1,0,0,0,0,0,0,0,1
4114:1,0,1,1,1,0,1,1,0,1,1,0,0,1,0,1,0,1,1,0,1,1,1,0,0,0,0,0,0,0,0,1,1,1,1,1,1,1,1,1,1,1,0,1,0,1,1,1,1,1,0,1,0,1,1,1,1,1,0,1,0,0,1,1
4115:1,0,1,0,1,1,0,1,1,0,1,0,1,1,0,1,1,0,1,0,1,1,0,1,1,1,1,1,0,1,1,1,1,0,1,1,0,1,0,1,1,0,1,0,0,0,0,1,1,1,1,1,1,1,0,1,1,1,1,1,1,1,0,1
4116:0,0,0,1,1,0,0,1,0,1,0,1,0,1,0,0,0,1,0,1,0,1,1,0,0,0,0,0,0,0,0,0,1,1,0,1,0,1,1,1,1,1,0,1,0,1,1,1,1,1,0,1,0,1,1,1,1,1,0,1,1,0,0,1
4117:0,0,1,0,1,1,1,1,1,0,0,0,0,0,0,1,1,1,0,1,1,0,0,1,1,1,0,0,0,0,0,1,1,0,0,0,0,0,0,1,0,0,1,1,1,1,0,1,0,0,1,1,1,1,1,0,0,0,1,1,1,1,1,1
4118:1,0,1,1,1,1,1,1,0,1,0,1,1,1,1,1,1,1,0,1,1,1,1,1,1,1,0,1,1,0,0,1,1,1,0,1,1,1,1,1,1,1,0,1,1,1,1,1,1,1,0,1,1,1,1,1,0,0,0,1,1,1,1,1
4119:1,0,1,1,1,1,1,1,0,1,0,1,1,0,0,1,1,1,0,1,0,1,0,1,1,1,0,1,0,0,0,1,1,1,0,1,1,1,1,1,1,1,0,1,1,0,0,1,1,1,0,1,1,1,1,1,0,0,0,1,1,1,1,1
