1 3 13 43 80 1   =>   句末我饭吃。句末
1 3 13 44 80 1   =>   句末我饭喝。句末
1 3 13 45 80 1   =>   句末我饭拿。句末
1 3 13 46 80 1   =>   句末我饭放。句末
1 3 13 47 80 1   =>   句末我饭走。句末
1 3 13 48 80 1   =>   句末我饭跑。句末
1 3 13 49 80 1   =>   句末我饭看。句末
1 3 13 50 80 1   =>   句末我饭听。句末
1 3 13 51 80 1   =>   句末我饭说。句末
1 3 13 52 80 1   =>   句末我饭想。句末
1 3 13 53 80 1   =>   句末我饭做。句末
1 3 13 54 80 1   =>   句末我饭给。句末
1 3 13 55 80 1   =>   句末我饭要。句末
1 3 13 56 80 1   =>   句末我饭来。句末
1 3 13 57 80 1   =>   句末我饭去。句末
1 3 13 58 80 1   =>   句末我饭找。句末
1 3 13 59 80 1   =>   句末我饭写。句末
1 3 13 60 80 1   =>   句末我饭读。句末
1 3 13 61 80 1   =>   句末我饭爱。句末
1 3 13 62 80 1   =>   句末我饭恨。句末
1 3 13 63 80 1   =>   句末我饭唱。句末
1 3 13 64 80 1   =>   句末我饭跳。句末
1 3 13 65 80 1   =>   句末我饭睡。句末
1 3 13 66 80 1   =>   句末我饭醒。句末
1 3 13 67 80 1   =>   句末我饭开门。句末
1 3 13 68 80 1   =>   句末我饭关门。句末
1 3 13 69 80 1   =>   句末我饭上山。句末
1 3 13 70 80 1   =>   句末我饭下田。句末
1 3 13 71 80 1   =>   句末我饭回家。句末
1 3 13 72 80 1   =>   句末我饭说话。句末
1 3 14 43 80 1   =>   句末我水吃。句末
1 3 14 44 80 1   =>   句末我水喝。句末
1 3 14 45 80 1   =>   句末我水拿。句末
1 3 14 46 80 1   =>   句末我水放。句末
1 3 14 47 80 1   =>   句末我水走。句末
1 3 14 48 80 1   =>   句末我水跑。句末
1 3 14 49 80 1   =>   句末我水看。句末
1 3 14 50 80 1   =>   句末我水听。句末
1 3 14 51 80 1   =>   句末我水说。句末
1 3 14 52 80 1   =>   句末我水想。句末
1 3 14 53 80 1   =>   句末我水做。句末
1 3 14 54 80 1   =>   句末我水给。句末
1 3 14 55 80 1   =>   句末我水要。句末
1 3 14 56 80 1   =>   句末我水来。句末
1 3 14 57 80 1   =>   句末我水去。句末
1 3 14 58 80 1   =>   句末我水找。句末
1 3 14 59 80 1   =>   句末我水写。句末
1 3 14 60 80 1   =>   句末我水读。句末
1 3 14 61 80 1   =>   句末我水爱。句末
1 3 14 62 80 1   =>   句末我水恨。句末
1 3 14 63 80 1   =>   句末我水唱。句末
1 3 14 64 80 1   =>   句末我水跳。句末
1 3 14 65 80 1   =>   句末我水睡。句末
1 3 14 66 80 1   =>   句末我水醒。句末
1 3 14 67 80 1   =>   句末我水开门。句末
1 3 14 68 80 1   =>   句末我水关门。句末
1 3 14 69 80 1   =>   句末我水上山。句末
1 3 14 70 80 1   =>   句末我水下田。句末
1 3 14 71 80 1   =>   句末我水回家。句末
1 3 14 72 80 1   =>   句末我水说话。句末
1 3 15 43 80 1   =>   句末我茶吃。句末
1 3 15 44 80 1   =>   句末我茶喝。句末
1 3 15 45 80 1   =>   句末我茶拿。句末
1 3 15 46 80 1   =>   句末我茶放。句末
1 3 15 47 80 1   =>   句末我茶走。句末
1 3 15 48 80 1   =>   句末我茶跑。句末
1 3 15 49 80 1   =>   句末我茶看。句末
1 3 15 50 80 1   =>   句末我茶听。句末
1 3 15 51 80 1   =>   句末我茶说。句末
1 3 15 52 80 1   =>   句末我茶想。句末
1 3 15 53 80 1   =>   句末我茶做。句末
1 3 15 54 80 1   =>   句末我茶给。句末
1 3 15 55 80 1   =>   句末我茶要。句末
1 3 15 56 80 1   =>   句末我茶来。句末
1 3 15 57 80 1   =>   句末我茶去。句末
1 3 15 58 80 1   =>   句末我茶找。句末
1 3 15 59 80 1   =>   句末我茶写。句末
1 3 15 60 80 1   =>   句末我茶读。句末
1 3 15 61 80 1   =>   句末我茶爱。句末
1 3 15 62 80 1   =>   句末我茶恨。句末
1 3 15 63 80 1   =>   句末我茶唱。句末
1 3 15 64 80 1   =>   句末我茶跳。句末
1 3 15 65 80 1   =>   句末我茶睡。句末
1 3 15 66 80 1   =>   句末我茶醒。句末
1 3 15 67 80 1   =>   句末我茶开门。句末
1 3 15 68 80 1   =>   句末我茶关门。句末
1 3 15 69 80 1   =>   句末我茶上山。句末
1 3 15 70 80 1   =>   句末我茶下田。句末
1 3 15 71 80 1   =>   句末我茶回家。句末
1 3 15 72 80 1   =>   句末我茶说话。句末
1 3 16 43 80 1   =>   句末我鱼吃。句末
1 3 16 44 80 1   =>   句末我鱼喝。句末
1 3 16 45 80 1   =>   句末我鱼拿。句末
1 3 16 46 80 1   =>   句末我鱼放。句末
1 3 16 47 80 1   =>   句末我鱼走。句末
1 3 16 48 80 1   =>   句末我鱼跑。句末
1 3 16 49 80 1   =>   句末我鱼看。句末
1 3 16 50 80 1   =>   句末我鱼听。句末
1 3 16 51 80 1   =>   句末我鱼说。句末
1 3 16 52 80 1   =>   句末我鱼想。句末
1 3 16 53 80 1   =>   句末我鱼做。句末
1 3 16 54 80 1   =>   句末我鱼给。句末
1 3 16 55 80 1   =>   句末我鱼要。句末
1 3 16 56 80 1   =>   句末我鱼来。句末
1 3 16 57 80 1   =>   句末我鱼去。句末
1 3 16 58 80 1   =>   句末我鱼找。句末
1 3 16 59 80 1   =>   句末我鱼写。句末
1 3 16 60 80 1   =>   句末我鱼读。句末
1 3 16 61 80 1   =>   句末我鱼爱。句末
1 3 16 62 80 1   =>   句末我鱼恨。句末
1 3 16 63 80 1   =>   句末我鱼唱。句末
1 3 16 64 80 1   =>   句末我鱼跳。句末
1 3 16 65 80 1   =>   句末我鱼睡。句末
1 3 16 66 80 1   =>   句末我鱼醒。句末
1 3 16 67 80 1   =>   句末我鱼开门。句末
1 3 16 68 80 1   =>   句末我鱼关门。句末
1 3 16 69 80 1   =>   句末我鱼上山。句末
1 3 16 70 80 1   =>   句末我鱼下田。句末
1 3 16 71 80 1   =>   句末我鱼回家。句末
1 3 16 72 80 1   =>   句末我鱼说话。句末
1 3 17 43 80 1   =>   句末我肉吃。句末
1 3 17 44 80 1   =>   句末我肉喝。句末
1 3 17 45 80 1   =>   句末我肉拿。句末
1 3 17 46 80 1   =>   句末我肉放。句末
1 3 17 47 80 1   =>   句末我肉走。句末
1 3 17 48 80 1   =>   句末我肉跑。句末
1 3 17 49 80 1   =>   句末我肉看。句末
1 3 17 50 80 1   =>   句末我肉听。句末
1 3 17 51 80 1   =>   句末我肉说。句末
1 3 17 52 80 1   =>   句末我肉想。句末
1 3 17 53 80 1   =>   句末我肉做。句末
1 3 17 54 80 1   =>   句末我肉给。句末
1 3 17 55 80 1   =>   句末我肉要。句末
1 3 17 56 80 1   =>   句末我肉来。句末
1 3 17 57 80 1   =>   句末我肉去。句末
1 3 17 58 80 1   =>   句末我肉找。句末
1 3 17 59 80 1   =>   句末我肉写。句末
1 3 17 60 80 1   =>   句末我肉读。句末
1 3 17 61 80 1   =>   句末我肉爱。句末
1 3 17 62 80 1   =>   句末我肉恨。句末
1 3 17 63 80 1   =>   句末我肉唱。句末
1 3 17 64 80 1   =>   句末我肉跳。句末
1 3 17 65 80 1   =>   句末我肉睡。句末
1 3 17 66 80 1   =>   句末我肉醒。句末
1 3 17 67 80 1   =>   句末我肉开门。句末
1 3 17 68 80 1   =>   句末我肉关门。句末
1 3 17 69 80 1   =>   句末我肉上山。句末
1 3 17 70 80 1   =>   句末我肉下田。句末
1 3 17 71 80 1   =>   句末我肉回家。句末
1 3 17 72 80 1   =>   句末我肉说话。句末
1 3 18 43 80 1   =>   句末我盐吃。句末
1 3 18 44 80 1   =>   句末我盐喝。句末
1 3 18 45 80 1   =>   句末我盐拿。句末
1 3 18 46 80 1   =>   句末我盐放。句末
1 3 18 47 80 1   =>   句末我盐走。句末
1 3 18 48 80 1   =>   句末我盐跑。句末
1 3 18 49 80 1   =>   句末我盐看。句末
1 3 18 50 80 1   =>   句末我盐听。句末
1 3 18 51 80 1   =>   句末我盐说。句末
1 3 18 52 80 1   =>   句末我盐想。句末
1 3 18 53 80 1   =>   句末我盐做。句末
1 3 18 54 80 1   =>   句末我盐给。句末
1 3 18 55 80 1   =>   句末我盐要。句末
1 3 18 56 80 1   =>   句末我盐来。句末
1 3 18 57 80 1   =>   句末我盐去。句末
1 3 18 58 80 1   =>   句末我盐找。句末
1 3 18 59 80 1   =>   句末我盐写。句末
1 3 18 60 80 1   =>   句末我盐读。句末
1 3 18 61 80 1   =>   句末我盐爱。句末
1 3 18 62 80 1   =>   句末我盐恨。句末
1 3 18 63 80 1   =>   句末我盐唱。句末
1 3 18 64 80 1   =>   句末我盐跳。句末
1 3 18 65 80 1   =>   句末我盐睡。句末
1 3 18 66 80 1   =>   句末我盐醒。句末
1 3 18 67 80 1   =>   句末我盐开门。句末
1 3 18 68 80 1   =>   句末我盐关门。句末
1 3 18 69 80 1   =>   句末我盐上山。句末
1 3 18 70 80 1   =>   句末我盐下田。句末
1 3 18 71 80 1   =>   句末我盐回家。句末
1 3 18 72 80 1   =>   句末我盐说话。句末
1 3 19 43 80 1   =>   句末我火吃。句末
1 3 19 44 80 1   =>   句末我火喝。句末
1 3 19 45 80 1   =>   句末我火拿。句末
1 3 19 46 80 1   =>   句末我火放。句末
1 3 19 47 80 1   =>   句末我火走。句末
1 3 19 48 80 1   =>   句末我火跑。句末
1 3 19 49 80 1   =>   句末我火看。句末
1 3 19 50 80 1   =>   句末我火听。句末
1 3 19 51 80 1   =>   句末我火说。句末
1 3 19 52 80 1   =>   句末我火想。句末
1 3 19 53 80 1   =>   句末我火做。句末
1 3 19 54 80 1   =>   句末我火给。句末
1 3 19 55 80 1   =>   句末我火要。句末
1 3 19 56 80 1   =>   句末我火来。句末
1 3 19 57 80 1   =>   句末我火去。句末
1 3 19 58 80 1   =>   句末我火找。句末
1 3 19 59 80 1   =>   句末我火写。句末
1 3 19 60 80 1   =>   句末我火读。句末
1 3 19 61 80 1   =>   句末我火爱。句末
1 3 19 62 80 1   =>   句末我火恨。句末
1 3 19 63 80 1   =>   句末我火唱。句末
1 3 19 64 80 1   =>   句末我火跳。句末
1 3 19 65 80 1   =>   句末我火睡。句末
1 3 19 66 80 1   =>   句末我火醒。句末
1 3 19 67 80 1   =>   句末我火开门。句末
1 3 19 68 80 1   =>   句末我火关门。句末
1 3 19 69 80 1   =>   句末我火上山。句末
1 3 19 70 80 1   =>   句末我火下田。句末
1 3 19 71 80 1   =>   句末我火回家。句末
1 3 19 72 80 1   =>   句末我火说话。句末
1 3 20 43 80 1   =>   句末我太阳吃。句末
1 3 20 44 80 1   =>   句末我太阳喝。句末
1 3 20 45 80 1   =>   句末我太阳拿。句末
1 3 20 46 80 1   =>   句末我太阳放。句末
1 3 20 47 80 1   =>   句末我太阳走。句末
1 3 20 48 80 1   =>   句末我太阳跑。句末
1 3 20 49 80 1   =>   句末我太阳看。句末
1 3 20 50 80 1   =>   句末我太阳听。句末
1 3 20 51 80 1   =>   句末我太阳说。句末
1 3 20 52 80 1   =>   句末我太阳想。句末
1 3 20 53 80 1   =>   句末我太阳做。句末
1 3 20 54 80 1   =>   句末我太阳给。句末
1 3 20 55 80 1   =>   句末我太阳要。句末
1 3 20 56 80 1   =>   句末我太阳来。句末
1 3 20 57 80 1   =>   句末我太阳去。句末
1 3 20 58 80 1   =>   句末我太阳找。句末
1 3 20 59 80 1   =>   句末我太阳写。句末
1 3 20 60 80 1   =>   句末我太阳读。句末
1 3 20 61 80 1   =>   句末我太阳爱。句末
1 3 20 62 80 1   =>   句末我太阳恨。句末
1 3 20 63 80 1   =>   句末我太阳唱。句末
1 3 20 64 80 1   =>   句末我太阳跳。句末
1 3 20 65 80 1   =>   句末我太阳睡。句末
1 3 20 66 80 1   =>   句末我太阳醒。句末
1 3 20 67 80 1   =>   句末我太阳开门。句末
1 3 20 68 80 1   =>   句末我太阳关门。句末
1 3 20 69 80 1   =>   句末我太阳上山。句末
1 3 20 70 80 1   =>   句末我太阳下田。句末
1 3 20 71 80 1   =>   句末我太阳回家。句末
1 3 20 72 80 1   =>   句末我太阳说话。句末
1 3 21 43 80 1   =>   句末我月亮吃。句末
1 3 21 44 80 1   =>   句末我月亮喝。句末
1 3 21 45 80 1   =>   句末我月亮拿。句末
1 3 21 46 80 1   =>   句末我月亮放。句末
1 3 21 47 80 1   =>   句末我月亮走。句末
1 3 21 48 80 1   =>   句末我月亮跑。句末
1 3 21 49 80 1   =>   句末我月亮看。句末
1 3 21 50 80 1   =>   句末我月亮听。句末
1 3 21 51 80 1   =>   句末我月亮说。句末
1 3 21 52 80 1   =>   句末我月亮想。句末
1 3 21 53 80 1   =>   句末我月亮做。句末
1 3 21 54 80 1   =>   句末我月亮给。句末
1 3 21 55 80 1   =>   句末我月亮要。句末
1 3 21 56 80 1   =>   句末我月亮来。句末
1 3 21 57 80 1   =>   句末我月亮去。句末
1 3 21 58 80 1   =>   句末我月亮找。句末
1 3 21 59 80 1   =>   句末我月亮写。句末
1 3 21 60 80 1   =>   句末我月亮读。句末
1 3 21 61 80 1   =>   句末我月亮爱。句末
1 3 21 62 80 1   =>   句末我月亮恨。句末
1 3 21 63 80 1   =>   句末我月亮唱。句末
1 3 21 64 80 1   =>   句末我月亮跳。句末
1 3 21 65 80 1   =>   句末我月亮睡。句末
1 3 21 66 80 1   =>   句末我月亮醒。句末
1 3 21 67 80 1   =>   句末我月亮开门。句末
1 3 21 68 80 1   =>   句末我月亮关门。句末
1 3 21 69 80 1   =>   句末我月亮上山。句末
1 3 21 70 80 1   =>   句末我月亮下田。句末
1 3 21 71 80 1   =>   句末我月亮回家。句末
1 3 21 72 80 1   =>   句末我月亮说话。句末
1 3 22 43 80 1   =>   句末我山吃。句末
1 3 22 44 80 1   =>   句末我山喝。句末
1 3 22 45 80 1   =>   句末我山拿。句末
1 3 22 46 80 1   =>   句末我山放。句末
1 3 22 47 80 1   =>   句末我山走。句末
1 3 22 48 80 1   =>   句末我山跑。句末
1 3 22 49 80 1   =>   句末我山看。句末
1 3 22 50 80 1   =>   句末我山听。句末
1 3 22 51 80 1   =>   句末我山说。句末
1 3 22 52 80 1   =>   句末我山想。句末
1 3 22 53 80 1   =>   句末我山做。句末
1 3 22 54 80 1   =>   句末我山给。句末
1 3 22 55 80 1   =>   句末我山要。句末
1 3 22 56 80 1   =>   句末我山来。句末
1 3 22 57 80 1   =>   句末我山去。句末
1 3 22 58 80 1   =>   句末我山找。句末
1 3 22 59 80 1   =>   句末我山写。句末
1 3 22 60 80 1   =>   句末我山读。句末
1 3 22 61 80 1   =>   句末我山爱。句末
1 3 22 62 80 1   =>   句末我山恨。句末
1 3 22 63 80 1   =>   句末我山唱。句末
1 3 22 64 80 1   =>   句末我山跳。句末
1 3 22 65 80 1   =>   句末我山睡。句末
1 3 22 66 80 1   =>   句末我山醒。句末
1 3 22 67 80 1   =>   句末我山开门。句末
1 3 22 68 80 1   =>   句末我山关门。句末
1 3 22 69 80 1   =>   句末我山上山。句末
1 3 22 70 80 1   =>   句末我山下田。句末
1 3 22 71 80 1   =>   句末我山回家。句末
1 3 22 72 80 1   =>   句末我山说话。句末
1 3 23 43 80 1   =>   句末我田吃。句末
1 3 23 44 80 1   =>   句末我田喝。句末
1 3 23 45 80 1   =>   句末我田拿。句末
1 3 23 46 80 1   =>   句末我田放。句末
1 3 23 47 80 1   =>   句末我田走。句末
1 3 23 48 80 1   =>   句末我田跑。句末
1 3 23 49 80 1   =>   句末我田看。句末
1 3 23 50 80 1   =>   句末我田听。句末
1 3 23 51 80 1   =>   句末我田说。句末
1 3 23 52 80 1   =>   句末我田想。句末
1 3 23 53 80 1   =>   句末我田做。句末
1 3 23 54 80 1   =>   句末我田给。句末
1 3 23 55 80 1   =>   句末我田要。句末
1 3 23 56 80 1   =>   句末我田来。句末
1 3 23 57 80 1   =>   句末我田去。句末
1 3 23 58 80 1   =>   句末我田找。句末
1 3 23 59 80 1   =>   句末我田写。句末
1 3 23 60 80 1   =>   句末我田读。句末
1 3 23 61 80 1   =>   句末我田爱。句末
1 3 23 62 80 1   =>   句末我田恨。句末
1 3 23 63 80 1   =>   句末我田唱。句末
1 3 23 64 80 1   =>   句末我田跳。句末
1 3 23 65 80 1   =>   句末我田睡。句末
1 3 23 66 80 1   =>   句末我田醒。句末
1 3 23 67 80 1   =>   句末我田开门。句末
1 3 23 68 80 1   =>   句末我田关门。句末
1 3 23 69 80 1   =>   句末我田上山。句末
1 3 23 70 80 1   =>   句末我田下田。句末
1 3 23 71 80 1   =>   句末我田回家。句末
1 3 23 72 80 1   =>   句末我田说话。句末
1 3 24 43 80 1   =>   句末我路吃。句末
1 3 24 44 80 1   =>   句末我路喝。句末
1 3 24 45 80 1   =>   句末我路拿。句末
1 3 24 46 80 1   =>   句末我路放。句末
1 3 24 47 80 1   =>   句末我路走。句末
1 3 24 48 80 1   =>   句末我路跑。句末
1 3 24 49 80 1   =>   句末我路看。句末
1 3 24 50 80 1   =>   句末我路听。句末
1 3 24 51 80 1   =>   句末我路说。句末
1 3 24 52 80 1   =>   句末我路想。句末
1 3 24 53 80 1   =>   句末我路做。句末
1 3 24 54 80 1   =>   句末我路给。句末
1 3 24 55 80 1   =>   句末我路要。句末
1 3 24 56 80 1   =>   句末我路来。句末
1 3 24 57 80 1   =>   句末我路去。句末
1 3 24 58 80 1   =>   句末我路找。句末
1 3 24 59 80 1   =>   句末我路写。句末
1 3 24 60 80 1   =>   句末我路读。句末
1 3 24 61 80 1   =>   句末我路爱。句末
1 3 24 62 80 1   =>   句末我路恨。句末
1 3 24 63 80 1   =>   句末我路唱。句末
1 3 24 64 80 1   =>   句末我路跳。句末
1 3 24 65 80 1   =>   句末我路睡。句末
1 3 24 66 80 1   =>   句末我路醒。句末
1 3 24 67 80 1   =>   句末我路开门。句末
1 3 24 68 80 1   =>   句末我路关门。句末
1 3 24 69 80 1   =>   句末我路上山。句末
1 3 24 70 80 1   =>   句末我路下田。句末
1 3 24 71 80 1   =>   句末我路回家。句末
1 3 24 72 80 1   =>   句末我路说话。句末
1 3 25 43 80 1   =>   句末我书吃。句末
1 3 25 44 80 1   =>   句末我书喝。句末
1 3 25 45 80 1   =>   句末我书拿。句末
1 3 25 46 80 1   =>   句末我书放。句末
1 3 25 47 80 1   =>   句末我书走。句末
1 3 25 48 80 1   =>   句末我书跑。句末
1 3 25 49 80 1   =>   句末我书看。句末
1 3 25 50 80 1   =>   句末我书听。句末
1 3 25 51 80 1   =>   句末我书说。句末
1 3 25 52 80 1   =>   句末我书想。句末
1 3 25 53 80 1   =>   句末我书做。句末
1 3 25 54 80 1   =>   句末我书给。句末
1 3 25 55 80 1   =>   句末我书要。句末
1 3 25 56 80 1   =>   句末我书来。句末
1 3 25 57 80 1   =>   句末我书去。句末
1 3 25 58 80 1   =>   句末我书找。句末
1 3 25 59 80 1   =>   句末我书写。句末
1 3 25 60 80 1   =>   句末我书读。句末
1 3 25 61 80 1   =>   句末我书爱。句末
1 3 25 62 80 1   =>   句末我书恨。句末
1 3 25 63 80 1   =>   句末我书唱。句末
1 3 25 64 80 1   =>   句末我书跳。句末
1 3 25 65 80 1   =>   句末我书睡。句末
1 3 25 66 80 1   =>   句末我书醒。句末
1 3 25 67 80 1   =>   句末我书开门。句末
1 3 25 68 80 1   =>   句末我书关门。句末
1 3 25 69 80 1   =>   句末我书上山。句末
1 3 25 70 80 1   =>   句末我书下田。句末
1 3 25 71 80 1   =>   句末我书回家。句末
1 3 25 72 80 1   =>   句末我书说话。句末
1 3 26 43 80 1   =>   句末我字吃。句末
1 3 26 44 80 1   =>   句末我字喝。句末
1 3 26 45 80 1   =>   句末我字拿。句末
1 3 26 46 80 1   =>   句末我字放。句末
1 3 26 47 80 1   =>   句末我字走。句末
1 3 26 48 80 1   =>   句末我字跑。句末
1 3 26 49 80 1   =>   句末我字看。句末
1 3 26 50 80 1   =>   句末我字听。句末
1 3 26 51 80 1   =>   句末我字说。句末
1 3 26 52 80 1   =>   句末我字想。句末
1 3 26 53 80 1   =>   句末我字做。句末
1 3 26 54 80 1   =>   句末我字给。句末
1 3 26 55 80 1   =>   句末我字要。句末
1 3 26 56 80 1   =>   句末我字来。句末
1 3 26 57 80 1   =>   句末我字去。句末
1 3 26 58 80 1   =>   句末我字找。句末
1 3 26 59 80 1   =>   句末我字写。句末
1 3 26 60 80 1   =>   句末我字读。句末
1 3 26 61 80 1   =>   句末我字爱。句末
1 3 26 62 80 1   =>   句末我字恨。句末
1 3 26 63 80 1   =>   句末我字唱。句末
1 3 26 64 80 1   =>   句末我字跳。句末
1 3 26 65 80 1   =>   句末我字睡。句末
1 3 26 66 80 1   =>   句末我字醒。句末
1 3 26 67 80 1   =>   句末我字开门。句末
1 3 26 68 80 1   =>   句末我字关门。句末
1 3 26 69 80 1   =>   句末我字上山。句末
1 3 26 70 80 1   =>   句末我字下田。句末
1 3 26 71 80 1   =>   句末我字回家。句末
1 3 26 72 80 1   =>   句末我字说话。句末
1 3 27 43 80 1   =>   句末我歌吃。句末
1 3 27 44 80 1   =>   句末我歌喝。句末
1 3 27 45 80 1   =>   句末我歌拿。句末
1 3 27 46 80 1   =>   句末我歌放。句末
1 3 27 47 80 1   =>   句末我歌走。句末
1 3 27 48 80 1   =>   句末我歌跑。句末
1 3 27 49 80 1   =>   句末我歌看。句末
1 3 27 50 80 1   =>   句末我歌听。句末
1 3 27 51 80 1   =>   句末我歌说。句末
1 3 27 52 80 1   =>   句末我歌想。句末
1 3 27 53 80 1   =>   句末我歌做。句末
1 3 27 54 80 1   =>   句末我歌给。句末
1 3 27 55 80 1   =>   句末我歌要。句末
1 3 27 56 80 1   =>   句末我歌来。句末
1 3 27 57 80 1   =>   句末我歌去。句末
1 3 27 58 80 1   =>   句末我歌找。句末
1 3 27 59 80 1   =>   句末我歌写。句末
1 3 27 60 80 1   =>   句末我歌读。句末
1 3 27 61 80 1   =>   句末我歌爱。句末
1 3 27 62 80 1   =>   句末我歌恨。句末
1 3 27 63 80 1   =>   句末我歌唱。句末
1 3 27 64 80 1   =>   句末我歌跳。句末
1 3 27 65 80 1   =>   句末我歌睡。句末
1 3 27 66 80 1   =>   句末我歌醒。句末
1 3 27 67 80 1   =>   句末我歌开门。句末
1 3 27 68 80 1   =>   句末我歌关门。句末
1 3 27 69 80 1   =>   句末我歌上山。句末
1 3 27 70 80 1   =>   句末我歌下田。句末
1 3 27 71 80 1   =>   句末我歌回家。句末
1 3 27 72 80 1   =>   句末我歌说话。句末
1 3 28 43 80 1   =>   句末我马吃。句末
1 3 28 44 80 1   =>   句末我马喝。句末
1 3 28 45 80 1   =>   句末我马拿。句末
1 3 28 46 80 1   =>   句末我马放。句末
1 3 28 47 80 1   =>   句末我马走。句末
1 3 28 48 80 1   =>   句末我马跑。句末
1 3 28 49 80 1   =>   句末我马看。句末
1 3 28 50 80 1   =>   句末我马听。句末
1 3 28 51 80 1   =>   句末我马说。句末
1 3 28 52 80 1   =>   句末我马想。句末
1 3 28 53 80 1   =>   句末我马做。句末
1 3 28 54 80 1   =>   句末我马给。句末
1 3 28 55 80 1   =>   句末我马要。句末
1 3 28 56 80 1   =>   句末我马来。句末
1 3 28 57 80 1   =>   句末我马去。句末
1 3 28 58 80 1   =>   句末我马找。句末
1 3 28 59 80 1   =>   句末我马写。句末
1 3 28 60 80 1   =>   句末我马读。句末
1 3 28 61 80 1   =>   句末我马爱。句末
1 3 28 62 80 1   =>   句末我马恨。句末
1 3 28 63 80 1   =>   句末我马唱。句末
1 3 28 64 80 1   =>   句末我马跳。句末
1 3 28 65 80 1   =>   句末我马睡。句末
1 3 28 66 80 1   =>   句末我马醒。句末
1 3 28 67 80 1   =>   句末我马开门。句末
1 3 28 68 80 1   =>   句末我马关门。句末
1 3 28 69 80 1   =>   句末我马上山。句末
1 3 28 70 80 1   =>   句末我马下田。句末
1 3 28 71 80 1   =>   句末我马回家。句末
1 3 28 72 80 1   =>   句末我马说话。句末
1 3 29 43 80 1   =>   句末我牛吃。句末
1 3 29 44 80 1   =>   句末我牛喝。句末
1 3 29 45 80 1   =>   句末我牛拿。句末
1 3 29 46 80 1   =>   句末我牛放。句末
1 3 29 47 80 1   =>   句末我牛走。句末
1 3 29 48 80 1   =>   句末我牛跑。句末
1 3 29 49 80 1   =>   句末我牛看。句末
1 3 29 50 80 1   =>   句末我牛听。句末
1 3 29 51 80 1   =>   句末我牛说。句末
1 3 29 52 80 1   =>   句末我牛想。句末
1 3 29 53 80 1   =>   句末我牛做。句末
1 3 29 54 80 1   =>   句末我牛给。句末
1 3 29 55 80 1   =>   句末我牛要。句末
1 3 29 56 80 1   =>   句末我牛来。句末
1 3 29 57 80 1   =>   句末我牛去。句末
1 3 29 58 80 1   =>   句末我牛找。句末
1 3 29 59 80 1   =>   句末我牛写。句末
1 3 29 60 80 1   =>   句末我牛读。句末
1 3 29 61 80 1   =>   句末我牛爱。句末
1 3 29 62 80 1   =>   句末我牛恨。句末
1 3 29 63 80 1   =>   句末我牛唱。句末
1 3 29 64 80 1   =>   句末我牛跳。句末
1 3 29 65 80 1   =>   句末我牛睡。句末
1 3 29 66 80 1   =>   句末我牛醒。句末
1 3 29 67 80 1   =>   句末我牛开门。句末
1 3 29 68 80 1   =>   句末我牛关门。句末
1 3 29 69 80 1   =>   句末我牛上山。句末
1 3 29 70 80 1   =>   句末我牛下田。句末
1 3 29 71 80 1   =>   句末我牛回家。句末
1 3 29 72 80 1   =>   句末我牛说话。句末
1 3 30 43 80 1   =>   句末我猪吃。句末
1 3 30 44 80 1   =>   句末我猪喝。句末
1 3 30 45 80 1   =>   句末我猪拿。句末
1 3 30 46 80 1   =>   句末我猪放。句末
1 3 30 47 80 1   =>   句末我猪走。句末
1 3 30 48 80 1   =>   句末我猪跑。句末
1 3 30 49 80 1   =>   句末我猪看。句末
1 3 30 50 80 1   =>   句末我猪听。句末
1 3 30 51 80 1   =>   句末我猪说。句末
1 3 30 52 80 1   =>   句末我猪想。句末
1 3 30 53 80 1   =>   句末我猪做。句末
1 3 30 54 80 1   =>   句末我猪给。句末
1 3 30 55 80 1   =>   句末我猪要。句末
1 3 30 56 80 1   =>   句末我猪来。句末
1 3 30 57 80 1   =>   句末我猪去。句末
1 3 30 58 80 1   =>   句末我猪找。句末
1 3 30 59 80 1   =>   句末我猪写。句末
1 3 30 60 80 1   =>   句末我猪读。句末
1 3 30 61 80 1   =>   句末我猪爱。句末
1 3 30 62 80 1   =>   句末我猪恨。句末
1 3 30 63 80 1   =>   句末我猪唱。句末
1 3 30 64 80 1   =>   句末我猪跳。句末
1 3 30 65 80 1   =>   句末我猪睡。句末
1 3 30 66 80 1   =>   句末我猪醒。句末
1 3 30 67 80 1   =>   句末我猪开门。句末
1 3 30 68 80 1   =>   句末我猪关门。句末
1 3 30 69 80 1   =>   句末我猪上山。句末
1 3 30 70 80 1   =>   句末我猪下田。句末
1 3 30 71 80 1   =>   句末我猪回家。句末
1 3 30 72 80 1   =>   句末我猪说话。句末
1 3 31 43 80 1   =>   句末我鸡吃。句末
1 3 31 44 80 1   =>   句末我鸡喝。句末
1 3 31 45 80 1   =>   句末我鸡拿。句末
1 3 31 46 80 1   =>   句末我鸡放。句末
1 3 31 47 80 1   =>   句末我鸡走。句末
1 3 31 48 80 1   =>   句末我鸡跑。句末
1 3 31 49 80 1   =>   句末我鸡看。句末
1 3 31 50 80 1   =>   句末我鸡听。句末
1 3 31 51 80 1   =>   句末我鸡说。句末
1 3 31 52 80 1   =>   句末我鸡想。句末
1 3 31 53 80 1   =>   句末我鸡做。句末
1 3 31 54 80 1   =>   句末我鸡给。句末
1 3 31 55 80 1   =>   句末我鸡要。句末
1 3 31 56 80 1   =>   句末我鸡来。句末
1 3 31 57 80 1   =>   句末我鸡去。句末
1 3 31 58 80 1   =>   句末我鸡找。句末
1 3 31 59 80 1   =>   句末我鸡写。句末
1 3 31 60 80 1   =>   句末我鸡读。句末
1 3 31 61 80 1   =>   句末我鸡爱。句末
1 3 31 62 80 1   =>   句末我鸡恨。句末
1 3 31 63 80 1   =>   句末我鸡唱。句末
1 3 31 64 80 1   =>   句末我鸡跳。句末
1 3 31 65 80 1   =>   句末我鸡睡。句末
1 3 31 66 80 1   =>   句末我鸡醒。句末
1 3 31 67 80 1   =>   句末我鸡开门。句末
1 3 31 68 80 1   =>   句末我鸡关门。句末
1 3 31 69 80 1   =>   句末我鸡上山。句末
1 3 31 70 80 1   =>   句末我鸡下田。句末
1 3 31 71 80 1   =>   句末我鸡回家。句末
1 3 31 72 80 1   =>   句末我鸡说话。句末
1 3 32 43 80 1   =>   句末我花吃。句末
1 3 32 44 80 1   =>   句末我花喝。句末
1 3 32 45 80 1   =>   句末我花拿。句末
1 3 32 46 80 1   =>   句末我花放。句末
1 3 32 47 80 1   =>   句末我花走。句末
1 3 32 48 80 1   =>   句末我花跑。句末
1 3 32 49 80 1   =>   句末我花看。句末
1 3 32 50 80 1   =>   句末我花听。句末
1 3 32 51 80 1   =>   句末我花说。句末
1 3 32 52 80 1   =>   句末我花想。句末
1 3 32 53 80 1   =>   句末我花做。句末
1 3 32 54 80 1   =>   句末我花给。句末
1 3 32 55 80 1   =>   句末我花要。句末
1 3 32 56 80 1   =>   句末我花来。句末
1 3 32 57 80 1   =>   句末我花去。句末
1 3 32 58 80 1   =>   句末我花找。句末
1 3 32 59 80 1   =>   句末我花写。句末
1 3 32 60 80 1   =>   句末我花读。句末
1 3 32 61 80 1   =>   句末我花爱。句末
1 3 32 62 80 1   =>   句末我花恨。句末
1 3 32 63 80 1   =>   句末我花唱。句末
1 3 32 64 80 1   =>   句末我花跳。句末
1 3 32 65 80 1   =>   句末我花睡。句末
1 3 32 66 80 1   =>   句末我花醒。句末
1 3 32 67 80 1   =>   句末我花开门。句末
1 3 32 68 80 1   =>   句末我花关门。句末
1 3 32 69 80 1   =>   句末我花上山。句末
1 3 32 70 80 1   =>   句末我花下田。句末
1 3 32 71 80 1   =>   句末我花回家。句末
1 3 32 72 80 1   =>   句末我花说话。句末
1 3 33 43 80 1   =>   句末我布吃。句末
1 3 33 44 80 1   =>   句末我布喝。句末
1 3 33 45 80 1   =>   句末我布拿。句末
1 3 33 46 80 1   =>   句末我布放。句末
1 3 33 47 80 1   =>   句末我布走。句末
1 3 33 48 80 1   =>   句末我布跑。句末
1 3 33 49 80 1   =>   句末我布看。句末
1 3 33 50 80 1   =>   句末我布听。句末
1 3 33 51 80 1   =>   句末我布说。句末
1 3 33 52 80 1   =>   句末我布想。句末
1 3 33 53 80 1   =>   句末我布做。句末
1 3 33 54 80 1   =>   句末我布给。句末
1 3 33 55 80 1   =>   句末我布要。句末
1 3 33 56 80 1   =>   句末我布来。句末
1 3 33 57 80 1   =>   句末我布去。句末
1 3 33 58 80 1   =>   句末我布找。句末
1 3 33 59 80 1   =>   句末我布写。句末
1 3 33 60 80 1   =>   句末我布读。句末
1 3 33 61 80 1   =>   句末我布爱。句末
1 3 33 62 80 1   =>   句末我布恨。句末
1 3 33 63 80 1   =>   句末我布唱。句末
1 3 33 64 80 1   =>   句末我布跳。句末
1 3 33 65 80 1   =>   句末我布睡。句末
1 3 33 66 80 1   =>   句末我布醒。句末
1 3 33 67 80 1   =>   句末我布开门。句末
1 3 33 68 80 1   =>   句末我布关门。句末
1 3 33 69 80 1   =>   句末我布上山。句末
1 3 33 70 80 1   =>   句末我布下田。句末
1 3 33 71 80 1   =>   句末我布回家。句末
1 3 33 72 80 1   =>   句末我布说话。句末
1 3 34 43 80 1   =>   句末我刀吃。句末
1 3 34 44 80 1   =>   句末我刀喝。句末
1 3 34 45 80 1   =>   句末我刀拿。句末
1 3 34 46 80 1   =>   句末我刀放。句末
1 3 34 47 80 1   =>   句末我刀走。句末
1 3 34 48 80 1   =>   句末我刀跑。句末
1 3 34 49 80 1   =>   句末我刀看。句末
1 3 34 50 80 1   =>   句末我刀听。句末
1 3 34 51 80 1   =>   句末我刀说。句末
1 3 34 52 80 1   =>   句末我刀想。句末
1 3 34 53 80 1   =>   句末我刀做。句末
1 3 34 54 80 1   =>   句末我刀给。句末
1 3 34 55 80 1   =>   句末我刀要。句末
1 3 34 56 80 1   =>   句末我刀来。句末
1 3 34 57 80 1   =>   句末我刀去。句末
1 3 34 58 80 1   =>   句末我刀找。句末
1 3 34 59 80 1   =>   句末我刀写。句末
1 3 34 60 80 1   =>   句末我刀读。句末
1 3 34 61 80 1   =>   句末我刀爱。句末
1 3 34 62 80 1   =>   句末我刀恨。句末
1 3 34 63 80 1   =>   句末我刀唱。句末
1 3 34 64 80 1   =>   句末我刀跳。句末
1 3 34 65 80 1   =>   句末我刀睡。句末
1 3 34 66 80 1   =>   句末我刀醒。句末
1 3 34 67 80 1   =>   句末我刀开门。句末
1 3 34 68 80 1   =>   句末我刀关门。句末
1 3 34 69 80 1   =>   句末我刀上山。句末
1 3 34 70 80 1   =>   句末我刀下田。句末
1 3 34 71 80 1   =>   句末我刀回家。句末
1 3 34 72 80 1   =>   句末我刀说话。句末
1 3 35 43 80 1   =>   句末我房子吃。句末
1 3 35 44 80 1   =>   句末我房子喝。句末
1 3 35 45 80 1   =>   句末我房子拿。句末
1 3 35 46 80 1   =>   句末我房子放。句末
1 3 35 47 80 1   =>   句末我房子走。句末
1 3 35 48 80 1   =>   句末我房子跑。句末
1 3 35 49 80 1   =>   句末我房子看。句末
1 3 35 50 80 1   =>   句末我房子听。句末
1 3 35 51 80 1   =>   句末我房子说。句末
1 3 35 52 80 1   =>   句末我房子想。句末
1 3 35 53 80 1   =>   句末我房子做。句末
1 3 35 54 80 1   =>   句末我房子给。句末
1 3 35 55 80 1   =>   句末我房子要。句末
1 3 35 56 80 1   =>   句末我房子来。句末
1 3 35 57 80 1   =>   句末我房子去。句末
1 3 35 58 80 1   =>   句末我房子找。句末
1 3 35 59 80 1   =>   句末我房子写。句末
1 3 35 60 80 1   =>   句末我房子读。句末
1 3 35 61 80 1   =>   句末我房子爱。句末
1 3 35 62 80 1   =>   句末我房子恨。句末
1 3 35 63 80 1   =>   句末我房子唱。句末
1 3 35 64 80 1   =>   句末我房子跳。句末
1 3 35 65 80 1   =>   句末我房子睡。句末
1 3 35 66 80 1   =>   句末我房子醒。句末
1 3 35 67 80 1   =>   句末我房子开门。句末
1 3 35 68 80 1   =>   句末我房子关门。句末
1 3 35 69 80 1   =>   句末我房子上山。句末
1 3 35 70 80 1   =>   句末我房子下田。句末
1 3 35 71 80 1   =>   句末我房子回家。句末
1 3 35 72 80 1   =>   句末我房子说话。句末
1 3 36 43 80 1   =>   句末我门吃。句末
1 3 36 44 80 1   =>   句末我门喝。句末
1 3 36 45 80 1   =>   句末我门拿。句末
1 3 36 46 80 1   =>   句末我门放。句末
1 3 36 47 80 1   =>   句末我门走。句末
1 3 36 48 80 1   =>   句末我门跑。句末
1 3 36 49 80 1   =>   句末我门看。句末
1 3 36 50 80 1   =>   句末我门听。句末
1 3 36 51 80 1   =>   句末我门说。句末
1 3 36 52 80 1   =>   句末我门想。句末
1 3 36 53 80 1   =>   句末我门做。句末
1 3 36 54 80 1   =>   句末我门给。句末
1 3 36 55 80 1   =>   句末我门要。句末
1 3 36 56 80 1   =>   句末我门来。句末
1 3 36 57 80 1   =>   句末我门去。句末
1 3 36 58 80 1   =>   句末我门找。句末
1 3 36 59 80 1   =>   句末我门写。句末
1 3 36 60 80 1   =>   句末我门读。句末
1 3 36 61 80 1   =>   句末我门爱。句末
1 3 36 62 80 1   =>   句末我门恨。句末
1 3 36 63 80 1   =>   句末我门唱。句末
1 3 36 64 80 1   =>   句末我门跳。句末
1 3 36 65 80 1   =>   句末我门睡。句末
1 3 36 66 80 1   =>   句末我门醒。句末
1 3 36 67 80 1   =>   句末我门开门。句末
1 3 36 68 80 1   =>   句末我门关门。句末
1 3 36 69 80 1   =>   句末我门上山。句末
1 3 36 70 80 1   =>   句末我门下田。句末
1 3 36 71 80 1   =>   句末我门回家。句末
1 3 36 72 80 1   =>   句末我门说话。句末
1 3 37 43 80 1   =>   句末我孩子吃。句末
1 3 37 44 80 1   =>   句末我孩子喝。句末
1 3 37 45 80 1   =>   句末我孩子拿。句末
1 3 37 46 80 1   =>   句末我孩子放。句末
1 3 37 47 80 1   =>   句末我孩子走。句末
1 3 37 48 80 1   =>   句末我孩子跑。句末
1 3 37 49 80 1   =>   句末我孩子看。句末
1 3 37 50 80 1   =>   句末我孩子听。句末
1 3 37 51 80 1   =>   句末我孩子说。句末
1 3 37 52 80 1   =>   句末我孩子想。句末
1 3 37 53 80 1   =>   句末我孩子做。句末
1 3 37 54 80 1   =>   句末我孩子给。句末
1 3 37 55 80 1   =>   句末我孩子要。句末
1 3 37 56 80 1   =>   句末我孩子来。句末
1 3 37 57 80 1   =>   句末我孩子去。句末
1 3 37 58 80 1   =>   句末我孩子找。句末
1 3 37 59 80 1   =>   句末我孩子写。句末
1 3 37 60 80 1   =>   句末我孩子读。句末
1 3 37 61 80 1   =>   句末我孩子爱。句末
1 3 37 62 80 1   =>   句末我孩子恨。句末
1 3 37 63 80 1   =>   句末我孩子唱。句末
1 3 37 64 80 1   =>   句末我孩子跳。句末
1 3 37 65 80 1   =>   句末我孩子睡。句末
1 3 37 66 80 1   =>   句末我孩子醒。句末
1 3 37 67 80 1   =>   句末我孩子开门。句末
1 3 37 68 80 1   =>   句末我孩子关门。句末
1 3 37 69 80 1   =>   句末我孩子上山。句末
1 3 37 70 80 1   =>   句末我孩子下田。句末
1 3 37 71 80 1   =>   句末我孩子回家。句末
1 3 37 72 80 1   =>   句末我孩子说话。句末
1 3 38 43 80 1   =>   句末我老人吃。句末
1 3 38 44 80 1   =>   句末我老人喝。句末
1 3 38 45 80 1   =>   句末我老人拿。句末
1 3 38 46 80 1   =>   句末我老人放。句末
1 3 38 47 80 1   =>   句末我老人走。句末
1 3 38 48 80 1   =>   句末我老人跑。句末
1 3 38 49 80 1   =>   句末我老人看。句末
1 3 38 50 80 1   =>   句末我老人听。句末
1 3 38 51 80 1   =>   句末我老人说。句末
1 3 38 52 80 1   =>   句末我老人想。句末
1 3 38 53 80 1   =>   句末我老人做。句末
1 3 38 54 80 1   =>   句末我老人给。句末
1 3 38 55 80 1   =>   句末我老人要。句末
1 3 38 56 80 1   =>   句末我老人来。句末
1 3 38 57 80 1   =>   句末我老人去。句末
1 3 38 58 80 1   =>   句末我老人找。句末
1 3 38 59 80 1   =>   句末我老人写。句末
1 3 38 60 80 1   =>   句末我老人读。句末
1 3 38 61 80 1   =>   句末我老人爱。句末
1 3 38 62 80 1   =>   句末我老人恨。句末
1 3 38 63 80 1   =>   句末我老人唱。句末
1 3 38 64 80 1   =>   句末我老人跳。句末
1 3 38 65 80 1   =>   句末我老人睡。句末
1 3 38 66 80 1   =>   句末我老人醒。句末
1 3 38 67 80 1   =>   句末我老人开门。句末
1 3 38 68 80 1   =>   句末我老人关门。句末
1 3 38 69 80 1   =>   句末我老人上山。句末
1 3 38 70 80 1   =>   句末我老人下田。句末
1 3 38 71 80 1   =>   句末我老人回家。句末
1 3 38 72 80 1   =>   句末我老人说话。句末
1 3 39 43 80 1   =>   句末我朋友吃。句末
1 3 39 44 80 1   =>   句末我朋友喝。句末
1 3 39 45 80 1   =>   句末我朋友拿。句末
1 3 39 46 80 1   =>   句末我朋友放。句末
1 3 39 47 80 1   =>   句末我朋友走。句末
1 3 39 48 80 1   =>   句末我朋友跑。句末
1 3 39 49 80 1   =>   句末我朋友看。句末
1 3 39 50 80 1   =>   句末我朋友听。句末
1 3 39 51 80 1   =>   句末我朋友说。句末
1 3 39 52 80 1   =>   句末我朋友想。句末
1 3 39 53 80 1   =>   句末我朋友做。句末
1 3 39 54 80 1   =>   句末我朋友给。句末
1 3 39 55 80 1   =>   句末我朋友要。句末
1 3 39 56 80 1   =>   句末我朋友来。句末
1 3 39 57 80 1   =>   句末我朋友去。句末
1 3 39 58 80 1   =>   句末我朋友找。句末
1 3 39 59 80 1   =>   句末我朋友写。句末
1 3 39 60 80 1   =>   句末我朋友读。句末
1 3 39 61 80 1   =>   句末我朋友爱。句末
1 3 39 62 80 1   =>   句末我朋友恨。句末
1 3 39 63 80 1   =>   句末我朋友唱。句末
1 3 39 64 80 1   =>   句末我朋友跳。句末
1 3 39 65 80 1   =>   句末我朋友睡。句末
1 3 39 66 80 1   =>   句末我朋友醒。句末
1 3 39 67 80 1   =>   句末我朋友开门。句末
1 3 39 68 80 1   =>   句末我朋友关门。句末
1 3 39 69 80 1   =>   句末我朋友上山。句末
1 3 39 70 80 1   =>   句末我朋友下田。句末
1 3 39 71 80 1   =>   句末我朋友回家。句末
1 3 39 72 80 1   =>   句末我朋友说话。句末
1 3 40 43 80 1   =>   句末我客人吃。句末
1 3 40 44 80 1   =>   句末我客人喝。句末
1 3 40 45 80 1   =>   句末我客人拿。句末
1 3 40 46 80 1   =>   句末我客人放。句末
1 3 40 47 80 1   =>   句末我客人走。句末
1 3 40 48 80 1   =>   句末我客人跑。句末
1 3 40 49 80 1   =>   句末我客人看。句末
1 3 40 50 80 1   =>   句末我客人听。句末
1 3 40 51 80 1   =>   句末我客人说。句末
1 3 40 52 80 1   =>   句末我客人想。句末
1 3 40 53 80 1   =>   句末我客人做。句末
1 3 40 54 80 1   =>   句末我客人给。句末
1 3 40 55 80 1   =>   句末我客人要。句末
1 3 40 56 80 1   =>   句末我客人来。句末
1 3 40 57 80 1   =>   句末我客人去。句末
1 3 40 58 80 1   =>   句末我客人找。句末
1 3 40 59 80 1   =>   句末我客人写。句末
1 3 40 60 80 1   =>   句末我客人读。句末
1 3 40 61 80 1   =>   句末我客人爱。句末
1 3 40 62 80 1   =>   句末我客人恨。句末
1 3 40 63 80 1   =>   句末我客人唱。句末
1 3 40 64 80 1   =>   句末我客人跳。句末
1 3 40 65 80 1   =>   句末我客人睡。句末
1 3 40 66 80 1   =>   句末我客人醒。句末
1 3 40 67 80 1   =>   句末我客人开门。句末
1 3 40 68 80 1   =>   句末我客人关门。句末
1 3 40 69 80 1   =>   句末我客人上山。句末
1 3 40 70 80 1   =>   句末我客人下田。句末
1 3 40 71 80 1   =>   句末我客人回家。句末
1 3 40 72 80 1   =>   句末我客人说话。句末
1 3 41 43 80 1   =>   句末我工作吃。句末
1 3 41 44 80 1   =>   句末我工作喝。句末
1 3 41 45 80 1   =>   句末我工作拿。句末
1 3 41 46 80 1   =>   句末我工作放。句末
1 3 41 47 80 1   =>   句末我工作走。句末
1 3 41 48 80 1   =>   句末我工作跑。句末
1 3 41 49 80 1   =>   句末我工作看。句末
1 3 41 50 80 1   =>   句末我工作听。句末
1 3 41 51 80 1   =>   句末我工作说。句末
1 3 41 52 80 1   =>   句末我工作想。句末
1 3 41 53 80 1   =>   句末我工作做。句末
1 3 41 54 80 1   =>   句末我工作给。句末
1 3 41 55 80 1   =>   句末我工作要。句末
1 3 41 56 80 1   =>   句末我工作来。句末
1 3 41 57 80 1   =>   句末我工作去。句末
1 3 41 58 80 1   =>   句末我工作找。句末
1 3 41 59 80 1   =>   句末我工作写。句末
1 3 41 60 80 1   =>   句末我工作读。句末
1 3 41 61 80 1   =>   句末我工作爱。句末
1 3 41 62 80 1   =>   句末我工作恨。句末
1 3 41 63 80 1   =>   句末我工作唱。句末
1 3 41 64 80 1   =>   句末我工作跳。句末
1 3 41 65 80 1   =>   句末我工作睡。句末
1 3 41 66 80 1   =>   句末我工作醒。句末
1 3 41 67 80 1   =>   句末我工作开门。句末
1 3 41 68 80 1   =>   句末我工作关门。句末
1 3 41 69 80 1   =>   句末我工作上山。句末
1 3 41 70 80 1   =>   句末我工作下田。句末
1 3 41 71 80 1   =>   句末我工作回家。句末
1 3 41 72 80 1   =>   句末我工作说话。句末
1 3 42 43 80 1   =>   句末我天吃。句末
1 3 42 44 80 1   =>   句末我天喝。句末
1 3 42 45 80 1   =>   句末我天拿。句末
1 3 42 46 80 1   =>   句末我天放。句末
1 3 42 47 80 1   =>   句末我天走。句末
1 3 42 48 80 1   =>   句末我天跑。句末
1 3 42 49 80 1   =>   句末我天看。句末
1 3 42 50 80 1   =>   句末我天听。句末
1 3 42 51 80 1   =>   句末我天说。句末
1 3 42 52 80 1   =>   句末我天想。句末
1 3 42 53 80 1   =>   句末我天做。句末
1 3 42 54 80 1   =>   句末我天给。句末
1 3 42 55 80 1   =>   句末我天要。句末
1 3 42 56 80 1   =>   句末我天来。句末
1 3 42 57 80 1   =>   句末我天去。句末
1 3 42 58 80 1   =>   句末我天找。句末
1 3 42 59 80 1   =>   句末我天写。句末
1 3 42 60 80 1   =>   句末我天读。句末
1 3 42 61 80 1   =>   句末我天爱。句末
1 3 42 62 80 1   =>   句末我天恨。句末
1 3 42 63 80 1   =>   句末我天唱。句末
1 3 42 64 80 1   =>   句末我天跳。句末
1 3 42 65 80 1   =>   句末我天睡。句末
1 3 42 66 80 1   =>   句末我天醒。句末
1 3 42 67 80 1   =>   句末我天开门。句末
1 3 42 68 80 1   =>   句末我天关门。句末
1 3 42 69 80 1   =>   句末我天上山。句末
1 3 42 70 80 1   =>   句末我天下田。句末
1 3 42 71 80 1   =>   句末我天回家。句末
1 3 42 72 80 1   =>   句末我天说话。句末
1 4 13 43 80 1   =>   句末你饭吃。句末
1 4 13 44 80 1   =>   句末你饭喝。句末
1 4 13 45 80 1   =>   句末你饭拿。句末
1 4 13 46 80 1   =>   句末你饭放。句末
1 4 13 47 80 1   =>   句末你饭走。句末
1 4 13 48 80 1   =>   句末你饭跑。句末
1 4 13 49 80 1   =>   句末你饭看。句末
1 4 13 50 80 1   =>   句末你饭听。句末
1 4 13 51 80 1   =>   句末你饭说。句末
1 4 13 52 80 1   =>   句末你饭想。句末
1 4 13 53 80 1   =>   句末你饭做。句末
1 4 13 54 80 1   =>   句末你饭给。句末
1 4 13 55 80 1   =>   句末你饭要。句末
1 4 13 56 80 1   =>   句末你饭来。句末
1 4 13 57 80 1   =>   句末你饭去。句末
1 4 13 58 80 1   =>   句末你饭找。句末
1 4 13 59 80 1   =>   句末你饭写。句末
1 4 13 60 80 1   =>   句末你饭读。句末
1 4 13 61 80 1   =>   句末你饭爱。句末
1 4 13 62 80 1   =>   句末你饭恨。句末
1 4 13 63 80 1   =>   句末你饭唱。句末
1 4 13 64 80 1   =>   句末你饭跳。句末
1 4 13 65 80 1   =>   句末你饭睡。句末
1 4 13 66 80 1   =>   句末你饭醒。句末
1 4 13 67 80 1   =>   句末你饭开门。句末
1 4 13 68 80 1   =>   句末你饭关门。句末
1 4 13 69 80 1   =>   句末你饭上山。句末
1 4 13 70 80 1   =>   句末你饭下田。句末
1 4 13 71 80 1   =>   句末你饭回家。句末
1 4 13 72 80 1   =>   句末你饭说话。句末
1 4 14 43 80 1   =>   句末你水吃。句末
1 4 14 44 80 1   =>   句末你水喝。句末
1 4 14 45 80 1   =>   句末你水拿。句末
1 4 14 46 80 1   =>   句末你水放。句末
1 4 14 47 80 1   =>   句末你水走。句末
1 4 14 48 80 1   =>   句末你水跑。句末
1 4 14 49 80 1   =>   句末你水看。句末
1 4 14 50 80 1   =>   句末你水听。句末
1 4 14 51 80 1   =>   句末你水说。句末
1 4 14 52 80 1   =>   句末你水想。句末
1 4 14 53 80 1   =>   句末你水做。句末
1 4 14 54 80 1   =>   句末你水给。句末
1 4 14 55 80 1   =>   句末你水要。句末
1 4 14 56 80 1   =>   句末你水来。句末
1 4 14 57 80 1   =>   句末你水去。句末
1 4 14 58 80 1   =>   句末你水找。句末
1 4 14 59 80 1   =>   句末你水写。句末
1 4 14 60 80 1   =>   句末你水读。句末
1 4 14 61 80 1   =>   句末你水爱。句末
1 4 14 62 80 1   =>   句末你水恨。句末
1 4 14 63 80 1   =>   句末你水唱。句末
1 4 14 64 80 1   =>   句末你水跳。句末
1 4 14 65 80 1   =>   句末你水睡。句末
1 4 14 66 80 1   =>   句末你水醒。句末
1 4 14 67 80 1   =>   句末你水开门。句末
1 4 14 68 80 1   =>   句末你水关门。句末
1 4 14 69 80 1   =>   句末你水上山。句末
1 4 14 70 80 1   =>   句末你水下田。句末
1 4 14 71 80 1   =>   句末你水回家。句末
1 4 14 72 80 1   =>   句末你水说话。句末
1 4 15 43 80 1   =>   句末你茶吃。句末
1 4 15 44 80 1   =>   句末你茶喝。句末
1 4 15 45 80 1   =>   句末你茶拿。句末
1 4 15 46 80 1   =>   句末你茶放。句末
1 4 15 47 80 1   =>   句末你茶走。句末
1 4 15 48 80 1   =>   句末你茶跑。句末
1 4 15 49 80 1   =>   句末你茶看。句末
1 4 15 50 80 1   =>   句末你茶听。句末
1 4 15 51 80 1   =>   句末你茶说。句末
1 4 15 52 80 1   =>   句末你茶想。句末
1 4 15 53 80 1   =>   句末你茶做。句末
1 4 15 54 80 1   =>   句末你茶给。句末
1 4 15 55 80 1   =>   句末你茶要。句末
1 4 15 56 80 1   =>   句末你茶来。句末
1 4 15 57 80 1   =>   句末你茶去。句末
1 4 15 58 80 1   =>   句末你茶找。句末
1 4 15 59 80 1   =>   句末你茶写。句末
1 4 15 60 80 1   =>   句末你茶读。句末
1 4 15 61 80 1   =>   句末你茶爱。句末
1 4 15 62 80 1   =>   句末你茶恨。句末
1 4 15 63 80 1   =>   句末你茶唱。句末
1 4 15 64 80 1   =>   句末你茶跳。句末
1 4 15 65 80 1   =>   句末你茶睡。句末
1 4 15 66 80 1   =>   句末你茶醒。句末
1 4 15 67 80 1   =>   句末你茶开门。句末
1 4 15 68 80 1   =>   句末你茶关门。句末
1 4 15 69 80 1   =>   句末你茶上山。句末
1 4 15 70 80 1   =>   句末你茶下田。句末
1 4 15 71 80 1   =>   句末你茶回家。句末
1 4 15 72 80 1   =>   句末你茶说话。句末
1 4 16 43 80 1   =>   句末你鱼吃。句末
1 4 16 44 80 1   =>   句末你鱼喝。句末
1 4 16 45 80 1   =>   句末你鱼拿。句末
1 4 16 46 80 1   =>   句末你鱼放。句末
1 4 16 47 80 1   =>   句末你鱼走。句末
1 4 16 48 80 1   =>   句末你鱼跑。句末
1 4 16 49 80 1   =>   句末你鱼看。句末
1 4 16 50 80 1   =>   句末你鱼听。句末
1 4 16 51 80 1   =>   句末你鱼说。句末
1 4 16 52 80 1   =>   句末你鱼想。句末
1 4 16 53 80 1   =>   句末你鱼做。句末
1 4 16 54 80 1   =>   句末你鱼给。句末
1 4 16 55 80 1   =>   句末你鱼要。句末
1 4 16 56 80 1   =>   句末你鱼来。句末
1 4 16 57 80 1   =>   句末你鱼去。句末
1 4 16 58 80 1   =>   句末你鱼找。句末
1 4 16 59 80 1   =>   句末你鱼写。句末
1 4 16 60 80 1   =>   句末你鱼读。句末
1 4 16 61 80 1   =>   句末你鱼爱。句末
1 4 16 62 80 1   =>   句末你鱼恨。句末
1 4 16 63 80 1   =>   句末你鱼唱。句末
1 4 16 64 80 1   =>   句末你鱼跳。句末
1 4 16 65 80 1   =>   句末你鱼睡。句末
1 4 16 66 80 1   =>   句末你鱼醒。句末
1 4 16 67 80 1   =>   句末你鱼开门。句末
1 4 16 68 80 1   =>   句末你鱼关门。句末
1 4 16 69 80 1   =>   句末你鱼上山。句末
1 4 16 70 80 1   =>   句末你鱼下田。句末
1 4 16 71 80 1   =>   句末你鱼回家。句末
1 4 16 72 80 1   =>   句末你鱼说话。句末
1 4 17 43 80 1   =>   句末你肉吃。句末
1 4 17 44 80 1   =>   句末你肉喝。句末
1 4 17 45 80 1   =>   句末你肉拿。句末
1 4 17 46 80 1   =>   句末你肉放。句末
1 4 17 47 80 1   =>   句末你肉走。句末
1 4 17 48 80 1   =>   句末你肉跑。句末
1 4 17 49 80 1   =>   句末你肉看。句末
1 4 17 50 80 1   =>   句末你肉听。句末
1 4 17 51 80 1   =>   句末你肉说。句末
1 4 17 52 80 1   =>   句末你肉想。句末
1 4 17 53 80 1   =>   句末你肉做。句末
1 4 17 54 80 1   =>   句末你肉给。句末
1 4 17 55 80 1   =>   句末你肉要。句末
1 4 17 56 80 1   =>   句末你肉来。句末
1 4 17 57 80 1   =>   句末你肉去。句末
1 4 17 58 80 1   =>   句末你肉找。句末
1 4 17 59 80 1   =>   句末你肉写。句末
1 4 17 60 80 1   =>   句末你肉读。句末
1 4 17 61 80 1   =>   句末你肉爱。句末
1 4 17 62 80 1   =>   句末你肉恨。句末
1 4 17 63 80 1   =>   句末你肉唱。句末
1 4 17 64 80 1   =>   句末你肉跳。句末
1 4 17 65 80 1   =>   句末你肉睡。句末
1 4 17 66 80 1   =>   句末你肉醒。句末
1 4 17 67 80 1   =>   句末你肉开门。句末
1 4 17 68 80 1   =>   句末你肉关门。句末
1 4 17 69 80 1   =>   句末你肉上山。句末
1 4 17 70 80 1   =>   句末你肉下田。句末
1 4 17 71 80 1   =>   句末你肉回家。句末
1 4 17 72 80 1   =>   句末你肉说话。句末
1 4 18 43 80 1   =>   句末你盐吃。句末
1 4 18 44 80 1   =>   句末你盐喝。句末
1 4 18 45 80 1   =>   句末你盐拿。句末
1 4 18 46 80 1   =>   句末你盐放。句末
1 4 18 47 80 1   =>   句末你盐走。句末
1 4 18 48 80 1   =>   句末你盐跑。句末
1 4 18 49 80 1   =>   句末你盐看。句末
1 4 18 50 80 1   =>   句末你盐听。句末
1 4 18 51 80 1   =>   句末你盐说。句末
1 4 18 52 80 1   =>   句末你盐想。句末
1 4 18 53 80 1   =>   句末你盐做。句末
1 4 18 54 80 1   =>   句末你盐给。句末
1 4 18 55 80 1   =>   句末你盐要。句末
1 4 18 56 80 1   =>   句末你盐来。句末
1 4 18 57 80 1   =>   句末你盐去。句末
1 4 18 58 80 1   =>   句末你盐找。句末
1 4 18 59 80 1   =>   句末你盐写。句末
1 4 18 60 80 1   =>   句末你盐读。句末
1 4 18 61 80 1   =>   句末你盐爱。句末
1 4 18 62 80 1   =>   句末你盐恨。句末
1 4 18 63 80 1   =>   句末你盐唱。句末
1 4 18 64 80 1   =>   句末你盐跳。句末
1 4 18 65 80 1   =>   句末你盐睡。句末
1 4 18 66 80 1   =>   句末你盐醒。句末
1 4 18 67 80 1   =>   句末你盐开门。句末
1 4 18 68 80 1   =>   句末你盐关门。句末
1 4 18 69 80 1   =>   句末你盐上山。句末
1 4 18 70 80 1   =>   句末你盐下田。句末
1 4 18 71 80 1   =>   句末你盐回家。句末
1 4 18 72 80 1   =>   句末你盐说话。句末
1 4 19 43 80 1   =>   句末你火吃。句末
1 4 19 44 80 1   =>   句末你火喝。句末
1 4 19 45 80 1   =>   句末你火拿。句末
1 4 19 46 80 1   =>   句末你火放。句末
1 4 19 47 80 1   =>   句末你火走。句末
1 4 19 48 80 1   =>   句末你火跑。句末
1 4 19 49 80 1   =>   句末你火看。句末
1 4 19 50 80 1   =>   句末你火听。句末
1 4 19 51 80 1   =>   句末你火说。句末
1 4 19 52 80 1   =>   句末你火想。句末
1 4 19 53 80 1   =>   句末你火做。句末
1 4 19 54 80 1   =>   句末你火给。句末
1 4 19 55 80 1   =>   句末你火要。句末
1 4 19 56 80 1   =>   句末你火来。句末
1 4 19 57 80 1   =>   句末你火去。句末
1 4 19 58 80 1   =>   句末你火找。句末
1 4 19 59 80 1   =>   句末你火写。句末
1 4 19 60 80 1   =>   句末你火读。句末
1 4 19 61 80 1   =>   句末你火爱。句末
1 4 19 62 80 1   =>   句末你火恨。句末
1 4 19 63 80 1   =>   句末你火唱。句末
1 4 19 64 80 1   =>   句末你火跳。句末
1 4 19 65 80 1   =>   句末你火睡。句末
1 4 19 66 80 1   =>   句末你火醒。句末
1 4 19 67 80 1   =>   句末你火开门。句末
1 4 19 68 80 1   =>   句末你火关门。句末
1 4 19 69 80 1   =>   句末你火上山。句末
1 4 19 70 80 1   =>   句末你火下田。句末
1 4 19 71 80 1   =>   句末你火回家。句末
1 4 19 72 80 1   =>   句末你火说话。句末
1 4 20 43 80 1   =>   句末你太阳吃。句末
1 4 20 44 80 1   =>   句末你太阳喝。句末
1 4 20 45 80 1   =>   句末你太阳拿。句末
1 4 20 46 80 1   =>   句末你太阳放。句末
1 4 20 47 80 1   =>   句末你太阳走。句末
1 4 20 48 80 1   =>   句末你太阳跑。句末
1 4 20 49 80 1   =>   句末你太阳看。句末
1 4 20 50 80 1   =>   句末你太阳听。句末
1 4 20 51 80 1   =>   句末你太阳说。句末
1 4 20 52 80 1   =>   句末你太阳想。句末
1 4 20 53 80 1   =>   句末你太阳做。句末
1 4 20 54 80 1   =>   句末你太阳给。句末
1 4 20 55 80 1   =>   句末你太阳要。句末
1 4 20 56 80 1   =>   句末你太阳来。句末
1 4 20 57 80 1   =>   句末你太阳去。句末
1 4 20 58 80 1   =>   句末你太阳找。句末
1 4 20 59 80 1   =>   句末你太阳写。句末
1 4 20 60 80 1   =>   句末你太阳读。句末
1 4 20 61 80 1   =>   句末你太阳爱。句末
1 4 20 62 80 1   =>   句末你太阳恨。句末
1 4 20 63 80 1   =>   句末你太阳唱。句末
1 4 20 64 80 1   =>   句末你太阳跳。句末
1 4 20 65 80 1   =>   句末你太阳睡。句末
1 4 20 66 80 1   =>   句末你太阳醒。句末
1 4 20 67 80 1   =>   句末你太阳开门。句末
1 4 20 68 80 1   =>   句末你太阳关门。句末
1 4 20 69 80 1   =>   句末你太阳上山。句末
1 4 20 70 80 1   =>   句末你太阳下田。句末
1 4 20 71 80 1   =>   句末你太阳回家。句末
1 4 20 72 80 1   =>   句末你太阳说话。句末
1 4 21 43 80 1   =>   句末你月亮吃。句末
1 4 21 44 80 1   =>   句末你月亮喝。句末
1 4 21 45 80 1   =>   句末你月亮拿。句末
1 4 21 46 80 1   =>   句末你月亮放。句末
1 4 21 47 80 1   =>   句末你月亮走。句末
1 4 21 48 80 1   =>   句末你月亮跑。句末
1 4 21 49 80 1   =>   句末你月亮看。句末
1 4 21 50 80 1   =>   句末你月亮听。句末
1 4 21 51 80 1   =>   句末你月亮说。句末
1 4 21 52 80 1   =>   句末你月亮想。句末
1 4 21 53 80 1   =>   句末你月亮做。句末
1 4 21 54 80 1   =>   句末你月亮给。句末
1 4 21 55 80 1   =>   句末你月亮要。句末
1 4 21 56 80 1   =>   句末你月亮来。句末
1 4 21 57 80 1   =>   句末你月亮去。句末
1 4 21 58 80 1   =>   句末你月亮找。句末
1 4 21 59 80 1   =>   句末你月亮写。句末
1 4 21 60 80 1   =>   句末你月亮读。句末
1 4 21 61 80 1   =>   句末你月亮爱。句末
1 4 21 62 80 1   =>   句末你月亮恨。句末
1 4 21 63 80 1   =>   句末你月亮唱。句末
1 4 21 64 80 1   =>   句末你月亮跳。句末
1 4 21 65 80 1   =>   句末你月亮睡。句末
1 4 21 66 80 1   =>   句末你月亮醒。句末
1 4 21 67 80 1   =>   句末你月亮开门。句末
1 4 21 68 80 1   =>   句末你月亮关门。句末
1 4 21 69 80 1   =>   句末你月亮上山。句末
1 4 21 70 80 1   =>   句末你月亮下田。句末
1 4 21 71 80 1   =>   句末你月亮回家。句末
1 4 21 72 80 1   =>   句末你月亮说话。句末
1 4 22 43 80 1   =>   句末你山吃。句末
1 4 22 44 80 1   =>   句末你山喝。句末
1 4 22 45 80 1   =>   句末你山拿。句末
1 4 22 46 80 1   =>   句末你山放。句末
1 4 22 47 80 1   =>   句末你山走。句末
1 4 22 48 80 1   =>   句末你山跑。句末
1 4 22 49 80 1   =>   句末你山看。句末
1 4 22 50 80 1   =>   句末你山听。句末
1 4 22 51 80 1   =>   句末你山说。句末
1 4 22 52 80 1   =>   句末你山想。句末
1 4 22 53 80 1   =>   句末你山做。句末
1 4 22 54 80 1   =>   句末你山给。句末
1 4 22 55 80 1   =>   句末你山要。句末
1 4 22 56 80 1   =>   句末你山来。句末
1 4 22 57 80 1   =>   句末你山去。句末
1 4 22 58 80 1   =>   句末你山找。句末
1 4 22 59 80 1   =>   句末你山写。句末
1 4 22 60 80 1   =>   句末你山读。句末
1 4 22 61 80 1   =>   句末你山爱。句末
1 4 22 62 80 1   =>   句末你山恨。句末
1 4 22 63 80 1   =>   句末你山唱。句末
1 4 22 64 80 1   =>   句末你山跳。句末
1 4 22 65 80 1   =>   句末你山睡。句末
1 4 22 66 80 1   =>   句末你山醒。句末
1 4 22 67 80 1   =>   句末你山开门。句末
1 4 22 68 80 1   =>   句末你山关门。句末
1 4 22 69 80 1   =>   句末你山上山。句末
1 4 22 70 80 1   =>   句末你山下田。句末
1 4 22 71 80 1   =>   句末你山回家。句末
1 4 22 72 80 1   =>   句末你山说话。句末
1 4 23 43 80 1   =>   句末你田吃。句末
1 4 23 44 80 1   =>   句末你田喝。句末
1 4 23 45 80 1   =>   句末你田拿。句末
1 4 23 46 80 1   =>   句末你田放。句末
1 4 23 47 80 1   =>   句末你田走。句末
1 4 23 48 80 1   =>   句末你田跑。句末
1 4 23 49 80 1   =>   句末你田看。句末
1 4 23 50 80 1   =>   句末你田听。句末
1 4 23 51 80 1   =>   句末你田说。句末
1 4 23 52 80 1   =>   句末你田想。句末
1 4 23 53 80 1   =>   句末你田做。句末
1 4 23 54 80 1   =>   句末你田给。句末
1 4 23 55 80 1   =>   句末你田要。句末
1 4 23 56 80 1   =>   句末你田来。句末
1 4 23 57 80 1   =>   句末你田去。句末
1 4 23 58 80 1   =>   句末你田找。句末
1 4 23 59 80 1   =>   句末你田写。句末
1 4 23 60 80 1   =>   句末你田读。句末
1 4 23 61 80 1   =>   句末你田爱。句末
1 4 23 62 80 1   =>   句末你田恨。句末
1 4 23 63 80 1   =>   句末你田唱。句末
1 4 23 64 80 1   =>   句末你田跳。句末
1 4 23 65 80 1   =>   句末你田睡。句末
1 4 23 66 80 1   =>   句末你田醒。句末
1 4 23 67 80 1   =>   句末你田开门。句末
1 4 23 68 80 1   =>   句末你田关门。句末
1 4 23 69 80 1   =>   句末你田上山。句末
1 4 23 70 80 1   =>   句末你田下田。句末
1 4 23 71 80 1   =>   句末你田回家。句末
1 4 23 72 80 1   =>   句末你田说话。句末
1 4 24 43 80 1   =>   句末你路吃。句末
1 4 24 44 80 1   =>   句末你路喝。句末
1 4 24 45 80 1   =>   句末你路拿。句末
1 4 24 46 80 1   =>   句末你路放。句末
1 4 24 47 80 1   =>   句末你路走。句末
1 4 24 48 80 1   =>   句末你路跑。句末
1 4 24 49 80 1   =>   句末你路看。句末
1 4 24 50 80 1   =>   句末你路听。句末
1 4 24 51 80 1   =>   句末你路说。句末
1 4 24 52 80 1   =>   句末你路想。句末
1 4 24 53 80 1   =>   句末你路做。句末
1 4 24 54 80 1   =>   句末你路给。句末
1 4 24 55 80 1   =>   句末你路要。句末
1 4 24 56 80 1   =>   句末你路来。句末
1 4 24 57 80 1   =>   句末你路去。句末
1 4 24 58 80 1   =>   句末你路找。句末
1 4 24 59 80 1   =>   句末你路写。句末
1 4 24 60 80 1   =>   句末你路读。句末
1 4 24 61 80 1   =>   句末你路爱。句末
1 4 24 62 80 1   =>   句末你路恨。句末
1 4 24 63 80 1   =>   句末你路唱。句末
1 4 24 64 80 1   =>   句末你路跳。句末
1 4 24 65 80 1   =>   句末你路睡。句末
1 4 24 66 80 1   =>   句末你路醒。句末
1 4 24 67 80 1   =>   句末你路开门。句末
1 4 24 68 80 1   =>   句末你路关门。句末
1 4 24 69 80 1   =>   句末你路上山。句末
1 4 24 70 80 1   =>   句末你路下田。句末
1 4 24 71 80 1   =>   句末你路回家。句末
1 4 24 72 80 1   =>   句末你路说话。句末
1 4 25 43 80 1   =>   句末你书吃。句末
1 4 25 44 80 1   =>   句末你书喝。句末
1 4 25 45 80 1   =>   句末你书拿。句末
1 4 25 46 80 1   =>   句末你书放。句末
1 4 25 47 80 1   =>   句末你书走。句末
1 4 25 48 80 1   =>   句末你书跑。句末
1 4 25 49 80 1   =>   句末你书看。句末
1 4 25 50 80 1   =>   句末你书听。句末
1 4 25 51 80 1   =>   句末你书说。句末
1 4 25 52 80 1   =>   句末你书想。句末
1 4 25 53 80 1   =>   句末你书做。句末
1 4 25 54 80 1   =>   句末你书给。句末
1 4 25 55 80 1   =>   句末你书要。句末
1 4 25 56 80 1   =>   句末你书来。句末
1 4 25 57 80 1   =>   句末你书去。句末
1 4 25 58 80 1   =>   句末你书找。句末
1 4 25 59 80 1   =>   句末你书写。句末
1 4 25 60 80 1   =>   句末你书读。句末
1 4 25 61 80 1   =>   句末你书爱。句末
1 4 25 62 80 1   =>   句末你书恨。句末
1 4 25 63 80 1   =>   句末你书唱。句末
1 4 25 64 80 1   =>   句末你书跳。句末
1 4 25 65 80 1   =>   句末你书睡。句末
1 4 25 66 80 1   =>   句末你书醒。句末
1 4 25 67 80 1   =>   句末你书开门。句末
1 4 25 68 80 1   =>   句末你书关门。句末
1 4 25 69 80 1   =>   句末你书上山。句末
1 4 25 70 80 1   =>   句末你书下田。句末
1 4 25 71 80 1   =>   句末你书回家。句末
1 4 25 72 80 1   =>   句末你书说话。句末
1 4 26 43 80 1   =>   句末你字吃。句末
1 4 26 44 80 1   =>   句末你字喝。句末
1 4 26 45 80 1   =>   句末你字拿。句末
1 4 26 46 80 1   =>   句末你字放。句末
1 4 26 47 80 1   =>   句末你字走。句末
1 4 26 48 80 1   =>   句末你字跑。句末
1 4 26 49 80 1   =>   句末你字看。句末
1 4 26 50 80 1   =>   句末你字听。句末
1 4 26 51 80 1   =>   句末你字说。句末
1 4 26 52 80 1   =>   句末你字想。句末
1 4 26 53 80 1   =>   句末你字做。句末
1 4 26 54 80 1   =>   句末你字给。句末
1 4 26 55 80 1   =>   句末你字要。句末
1 4 26 56 80 1   =>   句末你字来。句末
1 4 26 57 80 1   =>   句末你字去。句末
1 4 26 58 80 1   =>   句末你字找。句末
1 4 26 59 80 1   =>   句末你字写。句末
1 4 26 60 80 1   =>   句末你字读。句末
1 4 26 61 80 1   =>   句末你字爱。句末
1 4 26 62 80 1   =>   句末你字恨。句末
1 4 26 63 80 1   =>   句末你字唱。句末
1 4 26 64 80 1   =>   句末你字跳。句末
1 4 26 65 80 1   =>   句末你字睡。句末
1 4 26 66 80 1   =>   句末你字醒。句末
1 4 26 67 80 1   =>   句末你字开门。句末
1 4 26 68 80 1   =>   句末你字关门。句末
1 4 26 69 80 1   =>   句末你字上山。句末
1 4 26 70 80 1   =>   句末你字下田。句末
1 4 26 71 80 1   =>   句末你字回家。句末
1 4 26 72 80 1   =>   句末你字说话。句末
1 4 27 43 80 1   =>   句末你歌吃。句末
1 4 27 44 80 1   =>   句末你歌喝。句末
1 4 27 45 80 1   =>   句末你歌拿。句末
1 4 27 46 80 1   =>   句末你歌放。句末
1 4 27 47 80 1   =>   句末你歌走。句末
1 4 27 48 80 1   =>   句末你歌跑。句末
1 4 27 49 80 1   =>   句末你歌看。句末
1 4 27 50 80 1   =>   句末你歌听。句末
1 4 27 51 80 1   =>   句末你歌说。句末
1 4 27 52 80 1   =>   句末你歌想。句末
1 4 27 53 80 1   =>   句末你歌做。句末
1 4 27 54 80 1   =>   句末你歌给。句末
1 4 27 55 80 1   =>   句末你歌要。句末
1 4 27 56 80 1   =>   句末你歌来。句末
1 4 27 57 80 1   =>   句末你歌去。句末
1 4 27 58 80 1   =>   句末你歌找。句末
1 4 27 59 80 1   =>   句末你歌写。句末
1 4 27 60 80 1   =>   句末你歌读。句末
1 4 27 61 80 1   =>   句末你歌爱。句末
1 4 27 62 80 1   =>   句末你歌恨。句末
1 4 27 63 80 1   =>   句末你歌唱。句末
1 4 27 64 80 1   =>   句末你歌跳。句末
1 4 27 65 80 1   =>   句末你歌睡。句末
1 4 27 66 80 1   =>   句末你歌醒。句末
1 4 27 67 80 1   =>   句末你歌开门。句末
1 4 27 68 80 1   =>   句末你歌关门。句末
1 4 27 69 80 1   =>   句末你歌上山。句末
1 4 27 70 80 1   =>   句末你歌下田。句末
1 4 27 71 80 1   =>   句末你歌回家。句末
1 4 27 72 80 1   =>   句末你歌说话。句末
1 4 28 43 80 1   =>   句末你马吃。句末
1 4 28 44 80 1   =>   句末你马喝。句末
1 4 28 45 80 1   =>   句末你马拿。句末
1 4 28 46 80 1   =>   句末你马放。句末
1 4 28 47 80 1   =>   句末你马走。句末
1 4 28 48 80 1   =>   句末你马跑。句末
1 4 28 49 80 1   =>   句末你马看。句末
1 4 28 50 80 1   =>   句末你马听。句末
1 4 28 51 80 1   =>   句末你马说。句末
1 4 28 52 80 1   =>   句末你马想。句末
1 4 28 53 80 1   =>   句末你马做。句末
1 4 28 54 80 1   =>   句末你马给。句末
1 4 28 55 80 1   =>   句末你马要。句末
1 4 28 56 80 1   =>   句末你马来。句末
1 4 28 57 80 1   =>   句末你马去。句末
1 4 28 58 80 1   =>   句末你马找。句末
1 4 28 59 80 1   =>   句末你马写。句末
1 4 28 60 80 1   =>   句末你马读。句末
1 4 28 61 80 1   =>   句末你马爱。句末
1 4 28 62 80 1   =>   句末你马恨。句末
1 4 28 63 80 1   =>   句末你马唱。句末
1 4 28 64 80 1   =>   句末你马跳。句末
1 4 28 65 80 1   =>   句末你马睡。句末
1 4 28 66 80 1   =>   句末你马醒。句末
1 4 28 67 80 1   =>   句末你马开门。句末
1 4 28 68 80 1   =>   句末你马关门。句末
1 4 28 69 80 1   =>   句末你马上山。句末
1 4 28 70 80 1   =>   句末你马下田。句末
1 4 28 71 80 1   =>   句末你马回家。句末
1 4 28 72 80 1   =>   句末你马说话。句末
1 4 29 43 80 1   =>   句末你牛吃。句末
1 4 29 44 80 1   =>   句末你牛喝。句末
1 4 29 45 80 1   =>   句末你牛拿。句末
1 4 29 46 80 1   =>   句末你牛放。句末
1 4 29 47 80 1   =>   句末你牛走。句末
1 4 29 48 80 1   =>   句末你牛跑。句末
1 4 29 49 80 1   =>   句末你牛看。句末
1 4 29 50 80 1   =>   句末你牛听。句末
1 4 29 51 80 1   =>   句末你牛说。句末
1 4 29 52 80 1   =>   句末你牛想。句末
1 4 29 53 80 1   =>   句末你牛做。句末
1 4 29 54 80 1   =>   句末你牛给。句末
1 4 29 55 80 1   =>   句末你牛要。句末
1 4 29 56 80 1   =>   句末你牛来。句末
1 4 29 57 80 1   =>   句末你牛去。句末
1 4 29 58 80 1   =>   句末你牛找。句末
1 4 29 59 80 1   =>   句末你牛写。句末
1 4 29 60 80 1   =>   句末你牛读。句末
1 4 29 61 80 1   =>   句末你牛爱。句末
1 4 29 62 80 1   =>   句末你牛恨。句末
1 4 29 63 80 1   =>   句末你牛唱。句末
1 4 29 64 80 1   =>   句末你牛跳。句末
1 4 29 65 80 1   =>   句末你牛睡。句末
1 4 29 66 80 1   =>   句末你牛醒。句末
1 4 29 67 80 1   =>   句末你牛开门。句末
1 4 29 68 80 1   =>   句末你牛关门。句末
1 4 29 69 80 1   =>   句末你牛上山。句末
1 4 29 70 80 1   =>   句末你牛下田。句末
1 4 29 71 80 1   =>   句末你牛回家。句末
1 4 29 72 80 1   =>   句末你牛说话。句末
1 4 30 43 80 1   =>   句末你猪吃。句末
1 4 30 44 80 1   =>   句末你猪喝。句末
1 4 30 45 80 1   =>   句末你猪拿。句末
1 4 30 46 80 1   =>   句末你猪放。句末
1 4 30 47 80 1   =>   句末你猪走。句末
1 4 30 48 80 1   =>   句末你猪跑。句末
1 4 30 49 80 1   =>   句末你猪看。句末
1 4 30 50 80 1   =>   句末你猪听。句末
1 4 30 51 80 1   =>   句末你猪说。句末
1 4 30 52 80 1   =>   句末你猪想。句末
1 4 30 53 80 1   =>   句末你猪做。句末
1 4 30 54 80 1   =>   句末你猪给。句末
1 4 30 55 80 1   =>   句末你猪要。句末
1 4 30 56 80 1   =>   句末你猪来。句末
1 4 30 57 80 1   =>   句末你猪去。句末
1 4 30 58 80 1   =>   句末你猪找。句末
1 4 30 59 80 1   =>   句末你猪写。句末
1 4 30 60 80 1   =>   句末你猪读。句末
1 4 30 61 80 1   =>   句末你猪爱。句末
1 4 30 62 80 1   =>   句末你猪恨。句末
1 4 30 63 80 1   =>   句末你猪唱。句末
1 4 30 64 80 1   =>   句末你猪跳。句末
1 4 30 65 80 1   =>   句末你猪睡。句末
1 4 30 66 80 1   =>   句末你猪醒。句末
1 4 30 67 80 1   =>   句末你猪开门。句末
1 4 30 68 80 1   =>   句末你猪关门。句末
1 4 30 69 80 1   =>   句末你猪上山。句末
1 4 30 70 80 1   =>   句末你猪下田。句末
1 4 30 71 80 1   =>   句末你猪回家。句末
1 4 30 72 80 1   =>   句末你猪说话。句末
1 4 31 43 80 1   =>   句末你鸡吃。句末
1 4 31 44 80 1   =>   句末你鸡喝。句末
1 4 31 45 80 1   =>   句末你鸡拿。句末
1 4 31 46 80 1   =>   句末你鸡放。句末
1 4 31 47 80 1   =>   句末你鸡走。句末
1 4 31 48 80 1   =>   句末你鸡跑。句末
1 4 31 49 80 1   =>   句末你鸡看。句末
1 4 31 50 80 1   =>   句末你鸡听。句末
1 4 31 51 80 1   =>   句末你鸡说。句末
1 4 31 52 80 1   =>   句末你鸡想。句末
1 4 31 53 80 1   =>   句末你鸡做。句末
1 4 31 54 80 1   =>   句末你鸡给。句末
1 4 31 55 80 1   =>   句末你鸡要。句末
1 4 31 56 80 1   =>   句末你鸡来。句末
1 4 31 57 80 1   =>   句末你鸡去。句末
1 4 31 58 80 1   =>   句末你鸡找。句末
1 4 31 59 80 1   =>   句末你鸡写。句末
1 4 31 60 80 1   =>   句末你鸡读。句末
1 4 31 61 80 1   =>   句末你鸡爱。句末
1 4 31 62 80 1   =>   句末你鸡恨。句末
1 4 31 63 80 1   =>   句末你鸡唱。句末
1 4 31 64 80 1   =>   句末你鸡跳。句末
1 4 31 65 80 1   =>   句末你鸡睡。句末
1 4 31 66 80 1   =>   句末你鸡醒。句末
1 4 31 67 80 1   =>   句末你鸡开门。句末
1 4 31 68 80 1   =>   句末你鸡关门。句末
1 4 31 69 80 1   =>   句末你鸡上山。句末
1 4 31 70 80 1   =>   句末你鸡下田。句末
1 4 31 71 80 1   =>   句末你鸡回家。句末
1 4 31 72 80 1   =>   句末你鸡说话。句末
1 4 32 43 80 1   =>   句末你花吃。句末
1 4 32 44 80 1   =>   句末你花喝。句末
1 4 32 45 80 1   =>   句末你花拿。句末
1 4 32 46 80 1   =>   句末你花放。句末
1 4 32 47 80 1   =>   句末你花走。句末
1 4 32 48 80 1   =>   句末你花跑。句末
1 4 32 49 80 1   =>   句末你花看。句末
1 4 32 50 80 1   =>   句末你花听。句末
1 4 32 51 80 1   =>   句末你花说。句末
1 4 32 52 80 1   =>   句末你花想。句末
1 4 32 53 80 1   =>   句末你花做。句末
1 4 32 54 80 1   =>   句末你花给。句末
1 4 32 55 80 1   =>   句末你花要。句末
1 4 32 56 80 1   =>   句末你花来。句末
1 4 32 57 80 1   =>   句末你花去。句末
1 4 32 58 80 1   =>   句末你花找。句末
1 4 32 59 80 1   =>   句末你花写。句末
1 4 32 60 80 1   =>   句末你花读。句末
1 4 32 61 80 1   =>   句末你花爱。句末
1 4 32 62 80 1   =>   句末你花恨。句末
1 4 32 63 80 1   =>   句末你花唱。句末
1 4 32 64 80 1   =>   句末你花跳。句末
1 4 32 65 80 1   =>   句末你花睡。句末
1 4 32 66 80 1   =>   句末你花醒。句末
1 4 32 67 80 1   =>   句末你花开门。句末
1 4 32 68 80 1   =>   句末你花关门。句末
1 4 32 69 80 1   =>   句末你花上山。句末
1 4 32 70 80 1   =>   句末你花下田。句末
1 4 32 71 80 1   =>   句末你花回家。句末
1 4 32 72 80 1   =>   句末你花说话。句末
1 4 33 43 80 1   =>   句末你布吃。句末
1 4 33 44 80 1   =>   句末你布喝。句末
1 4 33 45 80 1   =>   句末你布拿。句末
1 4 33 46 80 1   =>   句末你布放。句末
1 4 33 47 80 1   =>   句末你布走。句末
1 4 33 48 80 1   =>   句末你布跑。句末
1 4 33 49 80 1   =>   句末你布看。句末
1 4 33 50 80 1   =>   句末你布听。句末
1 4 33 51 80 1   =>   句末你布说。句末
1 4 33 52 80 1   =>   句末你布想。句末
1 4 33 53 80 1   =>   句末你布做。句末
1 4 33 54 80 1   =>   句末你布给。句末
1 4 33 55 80 1   =>   句末你布要。句末
1 4 33 56 80 1   =>   句末你布来。句末
1 4 33 57 80 1   =>   句末你布去。句末
1 4 33 58 80 1   =>   句末你布找。句末
1 4 33 59 80 1   =>   句末你布写。句末
1 4 33 60 80 1   =>   句末你布读。句末
1 4 33 61 80 1   =>   句末你布爱。句末
1 4 33 62 80 1   =>   句末你布恨。句末
1 4 33 63 80 1   =>   句末你布唱。句末
1 4 33 64 80 1   =>   句末你布跳。句末
1 4 33 65 80 1   =>   句末你布睡。句末
1 4 33 66 80 1   =>   句末你布醒。句末
1 4 33 67 80 1   =>   句末你布开门。句末
1 4 33 68 80 1   =>   句末你布关门。句末
1 4 33 69 80 1   =>   句末你布上山。句末
1 4 33 70 80 1   =>   句末你布下田。句末
1 4 33 71 80 1   =>   句末你布回家。句末
1 4 33 72 80 1   =>   句末你布说话。句末
1 4 34 43 80 1   =>   句末你刀吃。句末
1 4 34 44 80 1   =>   句末你刀喝。句末
1 4 34 45 80 1   =>   句末你刀拿。句末
1 4 34 46 80 1   =>   句末你刀放。句末
1 4 34 47 80 1   =>   句末你刀走。句末
1 4 34 48 80 1   =>   句末你刀跑。句末
1 4 34 49 80 1   =>   句末你刀看。句末
1 4 34 50 80 1   =>   句末你刀听。句末
1 4 34 51 80 1   =>   句末你刀说。句末
1 4 34 52 80 1   =>   句末你刀想。句末
1 4 34 53 80 1   =>   句末你刀做。句末
1 4 34 54 80 1   =>   句末你刀给。句末
1 4 34 55 80 1   =>   句末你刀要。句末
1 4 34 56 80 1   =>   句末你刀来。句末
1 4 34 57 80 1   =>   句末你刀去。句末
1 4 34 58 80 1   =>   句末你刀找。句末
1 4 34 59 80 1   =>   句末你刀写。句末
1 4 34 60 80 1   =>   句末你刀读。句末
1 4 34 61 80 1   =>   句末你刀爱。句末
1 4 34 62 80 1   =>   句末你刀恨。句末
1 4 34 63 80 1   =>   句末你刀唱。句末
1 4 34 64 80 1   =>   句末你刀跳。句末
1 4 34 65 80 1   =>   句末你刀睡。句末
1 4 34 66 80 1   =>   句末你刀醒。句末
1 4 34 67 80 1   =>   句末你刀开门。句末
1 4 34 68 80 1   =>   句末你刀关门。句末
1 4 34 69 80 1   =>   句末你刀上山。句末
1 4 34 70 80 1   =>   句末你刀下田。句末
1 4 34 71 80 1   =>   句末你刀回家。句末
1 4 34 72 80 1   =>   句末你刀说话。句末
1 4 35 43 80 1   =>   句末你房子吃。句末
1 4 35 44 80 1   =>   句末你房子喝。句末
1 4 35 45 80 1   =>   句末你房子拿。句末
1 4 35 46 80 1   =>   句末你房子放。句末
1 4 35 47 80 1   =>   句末你房子走。句末
1 4 35 48 80 1   =>   句末你房子跑。句末
1 4 35 49 80 1   =>   句末你房子看。句末
1 4 35 50 80 1   =>   句末你房子听。句末
1 4 35 51 80 1   =>   句末你房子说。句末
1 4 35 52 80 1   =>   句末你房子想。句末
1 4 35 53 80 1   =>   句末你房子做。句末
1 4 35 54 80 1   =>   句末你房子给。句末
1 4 35 55 80 1   =>   句末你房子要。句末
1 4 35 56 80 1   =>   句末你房子来。句末
1 4 35 57 80 1   =>   句末你房子去。句末
1 4 35 58 80 1   =>   句末你房子找。句末
1 4 35 59 80 1   =>   句末你房子写。句末
1 4 35 60 80 1   =>   句末你房子读。句末
1 4 35 61 80 1   =>   句末你房子爱。句末
1 4 35 62 80 1   =>   句末你房子恨。句末
1 4 35 63 80 1   =>   句末你房子唱。句末
1 4 35 64 80 1   =>   句末你房子跳。句末
1 4 35 65 80 1   =>   句末你房子睡。句末
1 4 35 66 80 1   =>   句末你房子醒。句末
1 4 35 67 80 1   =>   句末你房子开门。句末
1 4 35 68 80 1   =>   句末你房子关门。句末
1 4 35 69 80 1   =>   句末你房子上山。句末
1 4 35 70 80 1   =>   句末你房子下田。句末
1 4 35 71 80 1   =>   句末你房子回家。句末
1 4 35 72 80 1   =>   句末你房子说话。句末
1 4 36 43 80 1   =>   句末你门吃。句末
1 4 36 44 80 1   =>   句末你门喝。句末
1 4 36 45 80 1   =>   句末你门拿。句末
1 4 36 46 80 1   =>   句末你门放。句末
1 4 36 47 80 1   =>   句末你门走。句末
1 4 36 48 80 1   =>   句末你门跑。句末
1 4 36 49 80 1   =>   句末你门看。句末
1 4 36 50 80 1   =>   句末你门听。句末
1 4 36 51 80 1   =>   句末你门说。句末
1 4 36 52 80 1   =>   句末你门想。句末
1 4 36 53 80 1   =>   句末你门做。句末
1 4 36 54 80 1   =>   句末你门给。句末
1 4 36 55 80 1   =>   句末你门要。句末
1 4 36 56 80 1   =>   句末你门来。句末
1 4 36 57 80 1   =>   句末你门去。句末
1 4 36 58 80 1   =>   句末你门找。句末
1 4 36 59 80 1   =>   句末你门写。句末
1 4 36 60 80 1   =>   句末你门读。句末
1 4 36 61 80 1   =>   句末你门爱。句末
1 4 36 62 80 1   =>   句末你门恨。句末
1 4 36 63 80 1   =>   句末你门唱。句末
1 4 36 64 80 1   =>   句末你门跳。句末
1 4 36 65 80 1   =>   句末你门睡。句末
1 4 36 66 80 1   =>   句末你门醒。句末
1 4 36 67 80 1   =>   句末你门开门。句末
1 4 36 68 80 1   =>   句末你门关门。句末
1 4 36 69 80 1   =>   句末你门上山。句末
1 4 36 70 80 1   =>   句末你门下田。句末
1 4 36 71 80 1   =>   句末你门回家。句末
1 4 36 72 80 1   =>   句末你门说话。句末
1 4 37 43 80 1   =>   句末你孩子吃。句末
1 4 37 44 80 1   =>   句末你孩子喝。句末
1 4 37 45 80 1   =>   句末你孩子拿。句末
1 4 37 46 80 1   =>   句末你孩子放。句末
1 4 37 47 80 1   =>   句末你孩子走。句末
1 4 37 48 80 1   =>   句末你孩子跑。句末
1 4 37 49 80 1   =>   句末你孩子看。句末
1 4 37 50 80 1   =>   句末你孩子听。句末
1 4 37 51 80 1   =>   句末你孩子说。句末
1 4 37 52 80 1   =>   句末你孩子想。句末
1 4 37 53 80 1   =>   句末你孩子做。句末
1 4 37 54 80 1   =>   句末你孩子给。句末
1 4 37 55 80 1   =>   句末你孩子要。句末
1 4 37 56 80 1   =>   句末你孩子来。句末
1 4 37 57 80 1   =>   句末你孩子去。句末
1 4 37 58 80 1   =>   句末你孩子找。句末
1 4 37 59 80 1   =>   句末你孩子写。句末
1 4 37 60 80 1   =>   句末你孩子读。句末
1 4 37 61 80 1   =>   句末你孩子爱。句末
1 4 37 62 80 1   =>   句末你孩子恨。句末
1 4 37 63 80 1   =>   句末你孩子唱。句末
1 4 37 64 80 1   =>   句末你孩子跳。句末
1 4 37 65 80 1   =>   句末你孩子睡。句末
1 4 37 66 80 1   =>   句末你孩子醒。句末
1 4 37 67 80 1   =>   句末你孩子开门。句末
1 4 37 68 80 1   =>   句末你孩子关门。句末
1 4 37 69 80 1   =>   句末你孩子上山。句末
1 4 37 70 80 1   =>   句末你孩子下田。句末
1 4 37 71 80 1   =>   句末你孩子回家。句末
1 4 37 72 80 1   =>   句末你孩子说话。句末
1 4 38 43 80 1   =>   句末你老人吃。句末
1 4 38 44 80 1   =>   句末你老人喝。句末
1 4 38 45 80 1   =>   句末你老人拿。句末
1 4 38 46 80 1   =>   句末你老人放。句末
1 4 38 47 80 1   =>   句末你老人走。句末
1 4 38 48 80 1   =>   句末你老人跑。句末
1 4 38 49 80 1   =>   句末你老人看。句末
1 4 38 50 80 1   =>   句末你老人听。句末
1 4 38 51 80 1   =>   句末你老人说。句末
1 4 38 52 80 1   =>   句末你老人想。句末
1 4 38 53 80 1   =>   句末你老人做。句末
1 4 38 54 80 1   =>   句末你老人给。句末
1 4 38 55 80 1   =>   句末你老人要。句末
1 4 38 56 80 1   =>   句末你老人来。句末
1 4 38 57 80 1   =>   句末你老人去。句末
1 4 38 58 80 1   =>   句末你老人找。句末
1 4 38 59 80 1   =>   句末你老人写。句末
1 4 38 60 80 1   =>   句末你老人读。句末
1 4 38 61 80 1   =>   句末你老人爱。句末
1 4 38 62 80 1   =>   句末你老人恨。句末
1 4 38 63 80 1   =>   句末你老人唱。句末
1 4 38 64 80 1   =>   句末你老人跳。句末
1 4 38 65 80 1   =>   句末你老人睡。句末
1 4 38 66 80 1   =>   句末你老人醒。句末
1 4 38 67 80 1   =>   句末你老人开门。句末
1 4 38 68 80 1   =>   句末你老人关门。句末
1 4 38 69 80 1   =>   句末你老人上山。句末
1 4 38 70 80 1   =>   句末你老人下田。句末
1 4 38 71 80 1   =>   句末你老人回家。句末
1 4 38 72 80 1   =>   句末你老人说话。句末
1 4 39 43 80 1   =>   句末你朋友吃。句末
1 4 39 44 80 1   =>   句末你朋友喝。句末
1 4 39 45 80 1   =>   句末你朋友拿。句末
1 4 39 46 80 1   =>   句末你朋友放。句末
1 4 39 47 80 1   =>   句末你朋友走。句末
1 4 39 48 80 1   =>   句末你朋友跑。句末
1 4 39 49 80 1   =>   句末你朋友看。句末
1 4 39 50 80 1   =>   句末你朋友听。句末
1 4 39 51 80 1   =>   句末你朋友说。句末
1 4 39 52 80 1   =>   句末你朋友想。句末
1 4 39 53 80 1   =>   句末你朋友做。句末
1 4 39 54 80 1   =>   句末你朋友给。句末
1 4 39 55 80 1   =>   句末你朋友要。句末
1 4 39 56 80 1   =>   句末你朋友来。句末
1 4 39 57 80 1   =>   句末你朋友去。句末
1 4 39 58 80 1   =>   句末你朋友找。句末
1 4 39 59 80 1   =>   句末你朋友写。句末
1 4 39 60 80 1   =>   句末你朋友读。句末
1 4 39 61 80 1   =>   句末你朋友爱。句末
1 4 39 62 80 1   =>   句末你朋友恨。句末
1 4 39 63 80 1   =>   句末你朋友唱。句末
1 4 39 64 80 1   =>   句末你朋友跳。句末
1 4 39 65 80 1   =>   句末你朋友睡。句末
1 4 39 66 80 1   =>   句末你朋友醒。句末
1 4 39 67 80 1   =>   句末你朋友开门。句末
1 4 39 68 80 1   =>   句末你朋友关门。句末
1 4 39 69 80 1   =>   句末你朋友上山。句末
1 4 39 70 80 1   =>   句末你朋友下田。句末
1 4 39 71 80 1   =>   句末你朋友回家。句末
1 4 39 72 80 1   =>   句末你朋友说话。句末
1 4 40 43 80 1   =>   句末你客人吃。句末
1 4 40 44 80 1   =>   句末你客人喝。句末
1 4 40 45 80 1   =>   句末你客人拿。句末
1 4 40 46 80 1   =>   句末你客人放。句末
1 4 40 47 80 1   =>   句末你客人走。句末
1 4 40 48 80 1   =>   句末你客人跑。句末
1 4 40 49 80 1   =>   句末你客人看。句末
1 4 40 50 80 1   =>   句末你客人听。句末
1 4 40 51 80 1   =>   句末你客人说。句末
1 4 40 52 80 1   =>   句末你客人想。句末
1 4 40 53 80 1   =>   句末你客人做。句末
1 4 40 54 80 1   =>   句末你客人给。句末
1 4 40 55 80 1   =>   句末你客人要。句末
1 4 40 56 80 1   =>   句末你客人来。句末
1 4 40 57 80 1   =>   句末你客人去。句末
1 4 40 58 80 1   =>   句末你客人找。句末
1 4 40 59 80 1   =>   句末你客人写。句末
1 4 40 60 80 1   =>   句末你客人读。句末
1 4 40 61 80 1   =>   句末你客人爱。句末
1 4 40 62 80 1   =>   句末你客人恨。句末
1 4 40 63 80 1   =>   句末你客人唱。句末
1 4 40 64 80 1   =>   句末你客人跳。句末
1 4 40 65 80 1   =>   句末你客人睡。句末
1 4 40 66 80 1   =>   句末你客人醒。句末
1 4 40 67 80 1   =>   句末你客人开门。句末
1 4 40 68 80 1   =>   句末你客人关门。句末
1 4 40 69 80 1   =>   句末你客人上山。句末
1 4 40 70 80 1   =>   句末你客人下田。句末
1 4 40 71 80 1   =>   句末你客人回家。句末
1 4 40 72 80 1   =>   句末你客人说话。句末
1 4 41 43 80 1   =>   句末你工作吃。句末
1 4 41 44 80 1   =>   句末你工作喝。句末
1 4 41 45 80 1   =>   句末你工作拿。句末
1 4 41 46 80 1   =>   句末你工作放。句末
1 4 41 47 80 1   =>   句末你工作走。句末
1 4 41 48 80 1   =>   句末你工作跑。句末
1 4 41 49 80 1   =>   句末你工作看。句末
1 4 41 50 80 1   =>   句末你工作听。句末
1 4 41 51 80 1   =>   句末你工作说。句末
1 4 41 52 80 1   =>   句末你工作想。句末
1 4 41 53 80 1   =>   句末你工作做。句末
1 4 41 54 80 1   =>   句末你工作给。句末
1 4 41 55 80 1   =>   句末你工作要。句末
1 4 41 56 80 1   =>   句末你工作来。句末
1 4 41 57 80 1   =>   句末你工作去。句末
1 4 41 58 80 1   =>   句末你工作找。句末
1 4 41 59 80 1   =>   句末你工作写。句末
1 4 41 60 80 1   =>   句末你工作读。句末
1 4 41 61 80 1   =>   句末你工作爱。句末
1 4 41 62 80 1   =>   句末你工作恨。句末
1 4 41 63 80 1   =>   句末你工作唱。句末
1 4 41 64 80 1   =>   句末你工作跳。句末
1 4 41 65 80 1   =>   句末你工作睡。句末
1 4 41 66 80 1   =>   句末你工作醒。句末
1 4 41 67 80 1   =>   句末你工作开门。句末
1 4 41 68 80 1   =>   句末你工作关门。句末
1 4 41 69 80 1   =>   句末你工作上山。句末
1 4 41 70 80 1   =>   句末你工作下田。句末
1 4 41 71 80 1   =>   句末你工作回家。句末
1 4 41 72 80 1   =>   句末你工作说话。句末
1 4 42 43 80 1   =>   句末你天吃。句末
1 4 42 44 80 1   =>   句末你天喝。句末
1 4 42 45 80 1   =>   句末你天拿。句末
1 4 42 46 80 1   =>   句末你天放。句末
1 4 42 47 80 1   =>   句末你天走。句末
1 4 42 48 80 1   =>   句末你天跑。句末
1 4 42 49 80 1   =>   句末你天看。句末
1 4 42 50 80 1   =>   句末你天听。句末
1 4 42 51 80 1   =>   句末你天说。句末
1 4 42 52 80 1   =>   句末你天想。句末
1 4 42 53 80 1   =>   句末你天做。句末
1 4 42 54 80 1   =>   句末你天给。句末
1 4 42 55 80 1   =>   句末你天要。句末
1 4 42 56 80 1   =>   句末你天来。句末
1 4 42 57 80 1   =>   句末你天去。句末
1 4 42 58 80 1   =>   句末你天找。句末
1 4 42 59 80 1   =>   句末你天写。句末
1 4 42 60 80 1   =>   句末你天读。句末
1 4 42 61 80 1   =>   句末你天爱。句末
1 4 42 62 80 1   =>   句末你天恨。句末
1 4 42 63 80 1   =>   句末你天唱。句末
1 4 42 64 80 1   =>   句末你天跳。句末
1 4 42 65 80 1   =>   句末你天睡。句末
1 4 42 66 80 1   =>   句末你天醒。句末
1 4 42 67 80 1   =>   句末你天开门。句末
1 4 42 68 80 1   =>   句末你天关门。句末
1 4 42 69 80 1   =>   句末你天上山。句末
1 4 42 70 80 1   =>   句末你天下田。句末
1 4 42 71 80 1   =>   句末你天回家。句末
1 4 42 72 80 1   =>   句末你天说话。句末
1 5 13 43 80 1   =>   句末他饭吃。句末
1 5 13 44 80 1   =>   句末他饭喝。句末
1 5 13 45 80 1   =>   句末他饭拿。句末
1 5 13 46 80 1   =>   句末他饭放。句末
1 5 13 47 80 1   =>   句末他饭走。句末
1 5 13 48 80 1   =>   句末他饭跑。句末
1 5 13 49 80 1   =>   句末他饭看。句末
1 5 13 50 80 1   =>   句末他饭听。句末
1 5 13 51 80 1   =>   句末他饭说。句末
1 5 13 52 80 1   =>   句末他饭想。句末
1 5 13 53 80 1   =>   句末他饭做。句末
1 5 13 54 80 1   =>   句末他饭给。句末
1 5 13 55 80 1   =>   句末他饭要。句末
1 5 13 56 80 1   =>   句末他饭来。句末
1 5 13 57 80 1   =>   句末他饭去。句末
1 5 13 58 80 1   =>   句末他饭找。句末
1 5 13 59 80 1   =>   句末他饭写。句末
1 5 13 60 80 1   =>   句末他饭读。句末
1 5 13 61 80 1   =>   句末他饭爱。句末
1 5 13 62 80 1   =>   句末他饭恨。句末
1 5 13 63 80 1   =>   句末他饭唱。句末
1 5 13 64 80 1   =>   句末他饭跳。句末
1 5 13 65 80 1   =>   句末他饭睡。句末
1 5 13 66 80 1   =>   句末他饭醒。句末
1 5 13 67 80 1   =>   句末他饭开门。句末
1 5 13 68 80 1   =>   句末他饭关门。句末
1 5 13 69 80 1   =>   句末他饭上山。句末
1 5 13 70 80 1   =>   句末他饭下田。句末
1 5 13 71 80 1   =>   句末他饭回家。句末
1 5 13 72 80 1   =>   句末他饭说话。句末
1 5 14 43 80 1   =>   句末他水吃。句末
1 5 14 44 80 1   =>   句末他水喝。句末
1 5 14 45 80 1   =>   句末他水拿。句末
1 5 14 46 80 1   =>   句末他水放。句末
1 5 14 47 80 1   =>   句末他水走。句末
1 5 14 48 80 1   =>   句末他水跑。句末
1 5 14 49 80 1   =>   句末他水看。句末
1 5 14 50 80 1   =>   句末他水听。句末
1 5 14 51 80 1   =>   句末他水说。句末
1 5 14 52 80 1   =>   句末他水想。句末
1 5 14 53 80 1   =>   句末他水做。句末
1 5 14 54 80 1   =>   句末他水给。句末
1 5 14 55 80 1   =>   句末他水要。句末
1 5 14 56 80 1   =>   句末他水来。句末
1 5 14 57 80 1   =>   句末他水去。句末
1 5 14 58 80 1   =>   句末他水找。句末
1 5 14 59 80 1   =>   句末他水写。句末
1 5 14 60 80 1   =>   句末他水读。句末
1 5 14 61 80 1   =>   句末他水爱。句末
1 5 14 62 80 1   =>   句末他水恨。句末
1 5 14 63 80 1   =>   句末他水唱。句末
1 5 14 64 80 1   =>   句末他水跳。句末
1 5 14 65 80 1   =>   句末他水睡。句末
1 5 14 66 80 1   =>   句末他水醒。句末
1 5 14 67 80 1   =>   句末他水开门。句末
1 5 14 68 80 1   =>   句末他水关门。句末
1 5 14 69 80 1   =>   句末他水上山。句末
1 5 14 70 80 1   =>   句末他水下田。句末
1 5 14 71 80 1   =>   句末他水回家。句末
1 5 14 72 80 1   =>   句末他水说话。句末
1 5 15 43 80 1   =>   句末他茶吃。句末
1 5 15 44 80 1   =>   句末他茶喝。句末
1 5 15 45 80 1   =>   句末他茶拿。句末
1 5 15 46 80 1   =>   句末他茶放。句末
1 5 15 47 80 1   =>   句末他茶走。句末
1 5 15 48 80 1   =>   句末他茶跑。句末
1 5 15 49 80 1   =>   句末他茶看。句末
1 5 15 50 80 1   =>   句末他茶听。句末
1 5 15 51 80 1   =>   句末他茶说。句末
1 5 15 52 80 1   =>   句末他茶想。句末
1 5 15 53 80 1   =>   句末他茶做。句末
1 5 15 54 80 1   =>   句末他茶给。句末
1 5 15 55 80 1   =>   句末他茶要。句末
1 5 15 56 80 1   =>   句末他茶来。句末
1 5 15 57 80 1   =>   句末他茶去。句末
1 5 15 58 80 1   =>   句末他茶找。句末
1 5 15 59 80 1   =>   句末他茶写。句末
1 5 15 60 80 1   =>   句末他茶读。句末
1 5 15 61 80 1   =>   句末他茶爱。句末
1 5 15 62 80 1   =>   句末他茶恨。句末
1 5 15 63 80 1   =>   句末他茶唱。句末
1 5 15 64 80 1   =>   句末他茶跳。句末
1 5 15 65 80 1   =>   句末他茶睡。句末
1 5 15 66 80 1   =>   句末他茶醒。句末
1 5 15 67 80 1   =>   句末他茶开门。句末
1 5 15 68 80 1   =>   句末他茶关门。句末
1 5 15 69 80 1   =>   句末他茶上山。句末
1 5 15 70 80 1   =>   句末他茶下田。句末
1 5 15 71 80 1   =>   句末他茶回家。句末
1 5 15 72 80 1   =>   句末他茶说话。句末
1 5 16 43 80 1   =>   句末他鱼吃。句末
1 5 16 44 80 1   =>   句末他鱼喝。句末
1 5 16 45 80 1   =>   句末他鱼拿。句末
1 5 16 46 80 1   =>   句末他鱼放。句末
1 5 16 47 80 1   =>   句末他鱼走。句末
1 5 16 48 80 1   =>   句末他鱼跑。句末
1 5 16 49 80 1   =>   句末他鱼看。句末
1 5 16 50 80 1   =>   句末他鱼听。句末
1 5 16 51 80 1   =>   句末他鱼说。句末
1 5 16 52 80 1   =>   句末他鱼想。句末
1 5 16 53 80 1   =>   句末他鱼做。句末
1 5 16 54 80 1   =>   句末他鱼给。句末
1 5 16 55 80 1   =>   句末他鱼要。句末
1 5 16 56 80 1   =>   句末他鱼来。句末
1 5 16 57 80 1   =>   句末他鱼去。句末
1 5 16 58 80 1   =>   句末他鱼找。句末
1 5 16 59 80 1   =>   句末他鱼写。句末
1 5 16 60 80 1   =>   句末他鱼读。句末
1 5 16 61 80 1   =>   句末他鱼爱。句末
1 5 16 62 80 1   =>   句末他鱼恨。句末
1 5 16 63 80 1   =>   句末他鱼唱。句末
1 5 16 64 80 1   =>   句末他鱼跳。句末
1 5 16 65 80 1   =>   句末他鱼睡。句末
1 5 16 66 80 1   =>   句末他鱼醒。句末
1 5 16 67 80 1   =>   句末他鱼开门。句末
1 5 16 68 80 1   =>   句末他鱼关门。句末
1 5 16 69 80 1   =>   句末他鱼上山。句末
1 5 16 70 80 1   =>   句末他鱼下田。句末
1 5 16 71 80 1   =>   句末他鱼回家。句末
1 5 16 72 80 1   =>   句末他鱼说话。句末
1 5 17 43 80 1   =>   句末他肉吃。句末
1 5 17 44 80 1   =>   句末他肉喝。句末
1 5 17 45 80 1   =>   句末他肉拿。句末
1 5 17 46 80 1   =>   句末他肉放。句末
1 5 17 47 80 1   =>   句末他肉走。句末
1 5 17 48 80 1   =>   句末他肉跑。句末
1 5 17 49 80 1   =>   句末他肉看。句末
1 5 17 50 80 1   =>   句末他肉听。句末
1 5 17 51 80 1   =>   句末他肉说。句末
1 5 17 52 80 1   =>   句末他肉想。句末
1 5 17 53 80 1   =>   句末他肉做。句末
1 5 17 54 80 1   =>   句末他肉给。句末
1 5 17 55 80 1   =>   句末他肉要。句末
1 5 17 56 80 1   =>   句末他肉来。句末
1 5 17 57 80 1   =>   句末他肉去。句末
1 5 17 58 80 1   =>   句末他肉找。句末
1 5 17 59 80 1   =>   句末他肉写。句末
1 5 17 60 80 1   =>   句末他肉读。句末
1 5 17 61 80 1   =>   句末他肉爱。句末
1 5 17 62 80 1   =>   句末他肉恨。句末
1 5 17 63 80 1   =>   句末他肉唱。句末
1 5 17 64 80 1   =>   句末他肉跳。句末
1 5 17 65 80 1   =>   句末他肉睡。句末
1 5 17 66 80 1   =>   句末他肉醒。句末
1 5 17 67 80 1   =>   句末他肉开门。句末
1 5 17 68 80 1   =>   句末他肉关门。句末
1 5 17 69 80 1   =>   句末他肉上山。句末
1 5 17 70 80 1   =>   句末他肉下田。句末
1 5 17 71 80 1   =>   句末他肉回家。句末
1 5 17 72 80 1   =>   句末他肉说话。句末
1 5 18 43 80 1   =>   句末他盐吃。句末
1 5 18 44 80 1   =>   句末他盐喝。句末
1 5 18 45 80 1   =>   句末他盐拿。句末
1 5 18 46 80 1   =>   句末他盐放。句末
1 5 18 47 80 1   =>   句末他盐走。句末
1 5 18 48 80 1   =>   句末他盐跑。句末
1 5 18 49 80 1   =>   句末他盐看。句末
1 5 18 50 80 1   =>   句末他盐听。句末
1 5 18 51 80 1   =>   句末他盐说。句末
1 5 18 52 80 1   =>   句末他盐想。句末
1 5 18 53 80 1   =>   句末他盐做。句末
1 5 18 54 80 1   =>   句末他盐给。句末
1 5 18 55 80 1   =>   句末他盐要。句末
1 5 18 56 80 1   =>   句末他盐来。句末
1 5 18 57 80 1   =>   句末他盐去。句末
1 5 18 58 80 1   =>   句末他盐找。句末
1 5 18 59 80 1   =>   句末他盐写。句末
1 5 18 60 80 1   =>   句末他盐读。句末
1 5 18 61 80 1   =>   句末他盐爱。句末
1 5 18 62 80 1   =>   句末他盐恨。句末
1 5 18 63 80 1   =>   句末他盐唱。句末
1 5 18 64 80 1   =>   句末他盐跳。句末
1 5 18 65 80 1   =>   句末他盐睡。句末
1 5 18 66 80 1   =>   句末他盐醒。句末
1 5 18 67 80 1   =>   句末他盐开门。句末
1 5 18 68 80 1   =>   句末他盐关门。句末
1 5 18 69 80 1   =>   句末他盐上山。句末
1 5 18 70 80 1   =>   句末他盐下田。句末
1 5 18 71 80 1   =>   句末他盐回家。句末
1 5 18 72 80 1   =>   句末他盐说话。句末
1 5 19 43 80 1   =>   句末他火吃。句末
1 5 19 44 80 1   =>   句末他火喝。句末
1 5 19 45 80 1   =>   句末他火拿。句末
1 5 19 46 80 1   =>   句末他火放。句末
1 5 19 47 80 1   =>   句末他火走。句末
1 5 19 48 80 1   =>   句末他火跑。句末
1 5 19 49 80 1   =>   句末他火看。句末
1 5 19 50 80 1   =>   句末他火听。句末
1 5 19 51 80 1   =>   句末他火说。句末
1 5 19 52 80 1   =>   句末他火想。句末
1 5 19 53 80 1   =>   句末他火做。句末
1 5 19 54 80 1   =>   句末他火给。句末
1 5 19 55 80 1   =>   句末他火要。句末
1 5 19 56 80 1   =>   句末他火来。句末
1 5 19 57 80 1   =>   句末他火去。句末
1 5 19 58 80 1   =>   句末他火找。句末
1 5 19 59 80 1   =>   句末他火写。句末
1 5 19 60 80 1   =>   句末他火读。句末
1 5 19 61 80 1   =>   句末他火爱。句末
1 5 19 62 80 1   =>   句末他火恨。句末